333 62
346 98
321 98
310 130
310 176
354 98
367 133
367 183
311 168
311 221
311 278
359 168
359 223
374 282
333 62
349 62
317 62
364 62
332 62
332 98
320 98
309 130
309 176
347 98
360 133
360 183
310 168
310 221
310 278
358 168
358 223
373 282
332 62
348 62
316 62
363 62
332 62
332 98
320 98
309 130
309 176
347 98
360 133
360 183
310 168
310 221
310 278
358 168
358 223
373 282
332 62
348 62
316 62
363 62
332 62
332 98
320 98
309 130
309 176
347 98
360 133
360 183
310 168
310 221
310 278
358 168
358 223
358 282
332 62
348 62
316 62
363 62
332 62
332 98
320 98
309 130
309 176
347 98
360 133
360 183
310 168
310 221
310 278
358 168
358 223
358 282
332 62
348 62
316 62
363 62
332 62
332 98
320 98
309 130
309 176
347 98
360 133
360 183
310 168
310 221
310 278
358 168
358 223
373 282
332 62
348 62
316 62
363 62
332 62
332 98
320 98
309 130
309 176
347 98
360 133
360 183
310 168
310 221
310 278
358 168
358 223
373 282
332 62
348 62
316 62
363 62
332 62
332 98
320 98
309 130
309 176
347 98
360 133
360 183
310 168
310 221
310 278
358 168
358 223
373 282
332 62
348 62
316 62
363 62
332 62
332 98
320 98
309 130
309 176
347 98
360 133
360 183
310 168
310 221
310 278
358 168
358 223
373 282
332 62
348 62
316 62
363 62
332 62
332 98
320 98
309 130
309 176
347 98
360 133
360 183
310 168
310 221
310 278
358 168
358 223
373 282
332 62
348 62
316 62
363 62
332 62
332 98
320 98
309 130
309 176
347 98
360 133
360 183
310 168
310 221
310 278
358 168
358 223
373 282
332 62
348 62
316 62
363 62
332 62
332 98
320 98
309 130
309 176
347 98
360 133
360 183
310 168
310 221
310 278
358 168
358 223
373 282
332 62
348 62
316 62
363 62
332 62
332 98
320 98
309 130
309 176
347 98
360 133
360 183
310 168
310 221
310 278
358 168
358 223
373 282
332 62
348 62
316 62
363 62
332 62
332 98
320 98
309 130
309 176
347 98
360 133
360 183
310 168
310 221
310 278
358 168
358 223
373 282
332 62
348 62
316 71
363 62
332 62
332 98
320 98
309 130
309 176
347 98
360 133
360 183
310 168
310 221
310 278
358 168
358 223
373 282
332 62
348 62
316 71
363 62
332 62
332 98
320 98
309 130
309 176
347 98
360 133
360 183
310 168
310 221
310 278
358 168
358 223
373 282
332 62
348 62
316 71
363 62
332 62
332 98
320 98
309 130
309 176
347 98
360 133
360 183
310 168
310 221
310 278
358 168
358 223
373 282
332 62
348 62
316 71
363 62
332 62
332 98
320 98
309 130
309 176
347 98
360 133
360 183
310 168
310 221
310 278
358 168
358 223
358 282
332 62
348 62
316 71
363 62
332 62
332 98
320 98
309 130
309 176
347 98
360 133
360 183
310 168
310 221
310 278
358 168
358 223
358 282
332 62
348 62
316 71
363 62
332 62
332 98
320 98
309 130
309 176
347 98
360 133
360 183
310 168
310 221
310 278
358 168
358 223
358 282
332 62
348 62
316 71
363 62
332 62
332 98
320 98
309 130
309 176
347 98
360 133
360 183
310 168
310 221
310 278
358 168
358 223
358 282
332 62
348 62
316 71
363 62
332 62
332 98
320 98
309 130
309 176
347 98
360 133
360 183
310 168
310 221
310 278
358 168
358 223
373 282
332 62
348 62
316 71
363 62
332 62
332 98
320 98
309 130
309 176
347 98
360 133
360 183
310 168
310 221
310 278
358 168
358 223
358 282
332 62
348 62
316 71
363 62
332 62
332 98
320 98
309 130
309 176
347 98
360 133
360 183
310 168
310 221
310 278
358 168
358 223
358 282
332 62
348 62
316 71
363 62
332 62
332 98
320 98
309 130
309 176
347 98
360 133
360 183
310 168
310 221
310 278
358 168
358 223
358 282
332 62
348 62
316 71
363 62
332 62
332 98
320 98
309 130
309 176
347 98
360 133
360 183
310 168
310 221
310 278
358 168
358 223
358 282
332 62
348 62
316 71
363 62
332 62
332 98
320 98
309 130
309 176
347 98
360 133
360 183
310 168
310 221
310 278
358 168
358 223
358 282
332 62
348 62
316 71
363 62
332 62
332 98
320 98
309 130
309 176
347 98
360 133
360 183
310 168
310 221
310 278
358 168
358 223
358 282
332 62
348 62
316 71
363 62
332 62
332 98
320 98
309 130
309 176
347 98
360 133
360 183
310 168
310 221
310 278
358 168
358 223
358 282
332 62
348 62
316 71
363 62
332 62
332 98
320 98
309 130
309 176
347 98
360 133
360 183
310 168
310 221
310 278
358 168
358 223
358 282
332 62
348 62
316 71
363 62
332 62
332 98
320 98
309 130
309 176
347 98
360 133
360 183
310 168
310 221
310 278
358 168
358 223
358 282
332 62
348 62
316 71
363 62
332 62
332 98
320 98
309 130
309 176
347 98
360 133
360 183
310 168
310 221
310 278
358 168
358 223
358 282
332 62
348 62
316 71
363 62
332 62
332 98
320 98
309 130
309 176
347 98
360 133
360 183
310 168
310 221
310 278
358 168
358 223
358 282
332 62
348 62
316 71
363 62
332 62
332 98
320 98
309 130
309 176
347 98
360 133
360 183
310 168
310 221
310 278
358 168
358 223
373 282
332 62
348 62
316 71
363 62
332 62
332 98
320 98
309 130
309 176
347 98
360 133
360 183
310 168
310 221
310 278
358 168
358 223
358 282
332 62
348 62
316 71
363 62
332 62
332 98
320 98
309 130
309 176
347 98
360 133
360 174
310 168
310 221
310 278
358 168
358 223
358 282
332 62
348 62
316 62
363 62
332 62
332 98
320 98
309 130
309 176
347 98
360 133
360 174
310 168
310 221
310 278
358 168
358 223
358 282
332 62
348 62
316 62
363 62
332 62
332 98
320 98
309 130
309 176
347 98
360 133
360 183
310 168
310 221
310 278
358 168
358 223
358 282
332 62
348 62
316 62
363 62
332 62
332 98
320 98
309 130
309 176
347 98
360 133
360 183
310 168
310 221
310 278
358 168
358 223
358 282
332 62
348 62
316 62
363 62
332 62
332 98
320 98
309 130
309 176
347 98
360 133
360 183
310 168
310 221
310 278
358 168
358 223
358 282
332 62
348 62
316 62
363 62
332 62
332 98
320 98
309 130
309 176
347 98
360 133
360 183
310 168
310 221
310 278
358 168
358 223
358 282
332 62
348 62
316 62
363 62
332 62
332 98
320 98
309 130
309 176
347 98
360 133
360 183
310 168
310 221
310 278
358 168
358 223
358 282
332 62
348 62
316 62
363 62
332 62
332 98
320 98
309 130
309 176
347 98
360 133
360 183
310 168
310 221
310 278
358 168
358 223
358 282
332 62
348 62
316 62
363 62
332 62
332 98
320 98
309 130
309 176
347 98
360 133
360 183
310 168
310 221
310 278
358 168
358 223
358 282
332 62
348 62
316 62
363 62
332 62
332 98
320 98
309 130
309 176
347 98
360 133
360 183
310 168
310 221
310 278
358 168
358 223
358 282
332 62
348 62
316 62
363 62
332 62
332 98
320 98
309 130
309 176
347 98
360 133
360 183
310 168
310 221
310 278
358 168
358 223
358 282
332 62
348 62
316 62
363 62
332 62
332 98
320 98
309 130
309 176
347 98
360 133
360 183
310 168
310 221
310 278
358 168
358 223
358 282
332 62
348 62
316 62
363 62
332 62
332 98
320 98
309 130
309 176
347 98
360 133
360 183
310 168
310 221
310 278
358 168
358 223
358 282
332 62
348 62
316 62
363 62
332 62
332 98
320 98
309 130
309 176
347 98
360 133
360 183
310 168
310 221
310 278
358 168
358 223
358 282
332 62
348 62
316 62
363 62
332 62
332 98
320 98
309 130
309 176
347 98
360 133
360 183
310 168
310 221
310 278
358 168
358 223
358 282
332 62
348 62
316 62
363 62
332 62
332 98
320 98
309 130
309 176
347 98
360 133
360 183
310 168
310 221
310 278
358 168
358 223
358 282
332 62
348 62
316 62
363 62
332 62
332 98
320 98
309 130
309 176
347 98
360 133
360 174
310 168
310 221
310 278
358 168
358 223
358 282
332 62
348 62
316 62
363 62
332 62
332 98
320 98
309 130
309 176
347 98
360 133
360 183
310 168
310 221
310 278
358 168
358 223
358 282
332 62
348 62
316 62
363 62
332 62
332 98
320 98
309 130
309 176
347 98
360 133
360 183
310 168
310 221
310 278
358 168
371 223
356 282
332 62
348 62
316 62
363 62
332 62
332 98
320 98
309 130
309 176
347 98
360 133
360 183
310 168
310 221
310 278
358 168
371 223
356 282
332 62
348 62
316 62
363 62
332 62
332 98
320 98
309 130
309 176
347 98
360 133
375 183
310 168
310 221
310 278
358 168
371 223
356 282
332 62
348 62
316 62
363 62
332 62
332 98
320 98
309 130
309 176
347 98
360 133
360 174
310 168
310 221
310 278
358 168
371 223
356 282
332 62
348 62
316 62
363 62
332 62
332 98
320 98
309 130
309 176
347 98
360 133
360 174
310 168
310 221
310 278
358 168
371 223
356 282
332 62
348 62
316 62
363 62
332 62
332 98
320 98
309 130
309 176
347 98
360 133
360 174
310 168
310 221
310 278
358 168
371 223
371 282
332 62
348 62
316 62
363 62
332 62
332 98
320 98
309 130
309 168
347 98
360 133
360 174
310 168
310 221
310 278
358 168
371 223
371 282
332 62
348 62
316 62
363 62
332 62
332 98
320 98
309 130
309 168
347 98
360 133
360 174
310 168
310 221
310 278
358 168
371 223
371 282
332 62
348 62
316 62
363 62
332 62
332 98
320 98
309 130
309 168
347 98
360 133
360 174
310 168
310 221
310 278
358 168
371 223
371 282
332 62
348 62
316 62
363 62
332 62
332 98
320 98
309 130
309 168
347 98
360 133
360 174
310 168
310 221
310 278
358 168
371 223
371 282
332 62
348 62
316 62
363 62
332 62
332 98
320 98
309 130
309 168
347 98
360 133
360 174
310 168
310 221
310 278
358 168
371 223
371 282
332 62
348 62
316 62
363 62
332 62
332 98
320 98
309 130
309 168
347 98
360 133
375 174
310 168
310 221
310 278
358 168
371 223
371 282
332 62
348 62
316 62
363 62
332 62
332 98
320 98
309 130
309 176
347 98
360 133
375 174
310 168
310 221
310 278
358 168
371 223
371 282
332 62
348 62
316 62
363 62
332 62
332 98
320 98
309 130
309 176
347 98
360 133
375 183
310 168
310 221
310 278
358 168
371 223
371 282
332 62
348 62
316 62
363 62
332 62
332 98
320 98
309 130
309 176
347 98
360 133
375 174
310 168
310 221
310 278
358 168
371 223
371 282
332 62
348 62
316 62
363 62
332 62
332 98
320 98
309 130
309 168
347 98
360 133
375 174
310 168
310 221
310 278
358 168
371 223
371 282
332 62
348 62
316 62
363 62
333 62
346 98
321 98
310 130
310 176
354 98
367 133
382 174
311 168
311 221
311 278
359 168
372 223
372 282
333 62
349 62
317 62
364 62
333 62
346 98
321 98
310 130
310 176
354 98
367 133
382 174
311 168
311 221
311 278
359 168
372 223
372 282
333 62
349 62
317 62
364 62
332 62
332 98
320 98
309 130
309 176
347 98
360 133
375 174
310 168
310 221
310 278
358 168
371 223
371 282
332 62
348 62
316 62
363 62
332 62
332 98
320 98
309 130
309 176
347 98
360 133
375 174
310 168
310 221
310 278
358 168
371 223
371 282
332 62
348 62
316 62
363 62
332 62
332 98
320 98
309 130
309 176
347 98
360 133
375 174
310 168
310 221
310 278
358 168
371 223
371 282
332 62
348 62
316 62
363 62
333 62
346 98
321 98
310 130
310 168
354 98
367 133
382 174
311 168
311 221
311 278
359 168
372 223
372 282
333 62
349 62
317 62
364 62
333 62
346 98
321 98
310 130
310 168
354 98
367 133
382 174
311 168
311 221
311 278
359 168
372 223
372 282
333 62
349 62
317 62
364 62
333 62
346 98
321 98
310 130
310 168
354 98
367 133
397 174
311 168
311 221
311 278
359 168
372 223
372 282
333 62
349 62
317 62
364 62
332 62
332 98
320 98
309 130
309 168
347 98
360 133
390 174
310 168
310 221
310 278
358 168
371 223
371 282
332 62
348 62
316 62
363 62
332 62
332 98
320 98
309 130
309 176
347 98
360 133
390 166
310 168
310 221
310 278
358 168
371 223
371 282
332 62
348 62
316 62
363 62
333 62
346 98
321 98
310 130
310 168
354 98
367 133
413 166
311 168
311 221
311 278
359 168
372 223
372 282
333 62
349 62
317 62
364 62
345 62
332 98
320 98
309 130
309 176
347 98
360 133
406 158
310 168
310 221
310 278
358 168
371 223
371 282
331 62
345 62
315 62
360 62
345 62
332 98
320 98
309 130
309 168
347 98
360 133
406 158
310 168
310 221
310 278
358 168
371 223
371 282
331 62
345 62
315 62
360 62
345 62
332 98
320 98
309 130
309 168
347 98
360 133
406 149
310 168
310 221
310 278
358 168
371 223
371 282
331 62
345 62
315 62
360 62
346 62
346 98
321 98
310 130
310 168
354 98
379 133
425 149
311 168
311 221
311 278
359 168
372 223
372 282
332 62
346 62
316 62
361 62
345 62
332 98
320 98
309 130
309 168
347 98
372 133
418 141
310 168
310 221
310 278
358 168
371 223
371 282
331 62
345 62
315 62
360 62
345 62
332 98
320 98
309 130
309 168
347 98
372 133
418 133
310 168
310 221
310 278
358 168
371 223
356 282
331 62
345 62
315 62
360 62
346 62
346 98
321 98
310 130
310 168
354 98
379 133
425 124
311 168
311 221
311 278
359 168
372 223
372 282
332 62
346 62
316 62
361 62
346 62
346 98
321 98
310 130
310 168
354 98
379 133
425 124
311 168
311 221
311 278
359 168
372 223
357 282
332 62
346 62
316 62
361 62
346 61
346 91
321 91
310 129
310 167
354 95
379 123
409 114
311 168
311 221
311 278
359 168
372 223
357 282
332 61
346 61
316 61
361 61
346 61
346 91
321 91
310 129
310 167
354 95
379 123
409 114
311 168
311 221
311 278
359 168
372 223
372 282
332 61
346 61
316 61
361 61
346 61
346 91
321 91
310 129
310 167
354 91
379 125
409 109
311 168
311 221
311 278
359 168
372 223
372 282
332 61
346 61
316 61
361 61
346 61
346 91
321 91
310 129
310 167
354 91
379 125
425 100
311 168
311 221
311 278
359 168
372 223
357 282
332 61
346 61
316 61
361 61
346 61
346 91
321 91
310 129
310 167
354 91
379 125
409 100
311 168
311 221
311 278
359 168
372 223
357 282
332 61
346 61
316 61
361 61
346 61
346 91
321 91
310 129
310 167
354 91
379 125
394 116
311 168
311 221
311 278
359 168
372 223
357 282
332 61
346 61
316 61
361 61
346 61
346 91
321 91
310 129
310 167
354 91
379 125
394 109
311 168
311 221
311 278
359 168
372 223
357 282
332 61
346 61
316 61
361 61
346 61
346 91
321 91
310 129
310 167
354 91
379 125
394 100
311 168
311 221
311 278
359 168
372 223
357 282
332 61
346 61
316 61
361 61
346 61
346 91
321 91
310 129
310 167
354 91
379 118
394 93
311 168
311 221
311 278
359 168
372 223
357 282
332 61
346 61
316 61
361 61
346 61
346 91
321 91
310 129
310 167
354 91
379 118
394 85
311 168
311 221
311 278
359 168
372 223
357 282
332 61
346 61
316 61
361 61
346 61
346 91
321 91
310 129
310 167
354 91
379 118
394 85
311 168
311 221
311 278
359 168
372 223
357 282
332 61
346 61
316 61
361 61
346 61
346 91
321 91
310 129
310 167
354 91
379 118
394 85
311 168
311 221
311 278
359 168
372 223
357 282
332 61
346 61
316 61
361 61
346 61
346 91
321 91
310 129
310 167
354 91
379 118
394 85
311 168
311 221
311 278
359 168
372 223
357 282
332 61
346 61
316 61
361 61
346 61
346 91
321 91
310 122
310 168
354 91
379 118
394 85
311 168
311 221
311 278
359 168
372 223
357 282
332 61
346 61
316 61
361 61
346 61
346 91
321 91
310 129
310 167
354 91
392 118
377 85
311 168
311 221
311 278
359 168
372 223
357 282
332 61
346 61
316 61
361 61
346 61
346 91
321 91
310 122
310 168
361 91
374 118
374 85
311 168
311 221
311 278
359 168
372 223
357 282
332 61
346 61
316 61
361 61
346 61
346 91
321 91
310 122
310 168
361 91
386 118
371 85
311 168
311 221
311 278
359 168
372 223
357 282
332 61
346 61
316 61
361 61
346 61
346 91
321 91
310 122
310 168
361 91
386 118
371 85
311 168
311 221
311 278
359 168
372 223
357 282
332 61
346 61
316 61
361 61
346 61
346 91
321 91
310 122
310 168
361 91
386 118
371 85
311 168
311 221
311 278
359 168
372 223
357 282
332 61
346 61
316 61
361 61
346 61
346 91
321 91
310 122
310 168
361 91
386 118
371 85
311 168
311 221
311 278
359 168
372 223
357 282
332 61
346 61
316 61
361 61
346 61
346 91
321 91
310 122
310 168
361 91
386 118
371 85
311 168
311 221
311 278
359 168
372 223
357 282
332 61
346 61
316 61
361 61
346 61
346 91
321 91
310 122
310 168
361 91
386 118
371 85
311 168
311 221
311 278
359 168
359 223
359 282
332 61
346 61
316 61
361 61
346 61
346 91
321 91
310 122
310 168
361 91
374 118
374 85
311 168
311 221
311 278
359 168
359 223
359 282
332 61
346 61
316 61
361 61
346 61
346 91
321 91
310 122
310 168
354 91
379 118
394 85
311 168
311 221
311 278
359 168
359 223
359 282
332 61
346 61
316 61
361 61
346 61
346 91
321 91
310 122
310 168
354 91
379 118
394 85
311 168
311 221
311 278
359 168
359 223
359 282
332 61
346 61
316 61
361 61
346 61
346 91
321 91
310 122
310 168
354 91
379 118
394 93
311 168
311 221
311 278
359 168
359 223
359 282
332 61
346 61
316 61
361 61
346 61
346 91
321 91
310 122
310 168
354 91
379 118
394 93
311 168
311 221
311 278
359 168
359 223
359 282
332 61
346 61
316 61
361 61
346 61
346 91
321 91
310 122
310 168
354 91
379 125
394 91
311 168
311 221
311 278
359 168
359 223
359 282
332 61
346 61
316 61
361 61
346 61
346 91
321 91
310 122
310 168
354 91
379 125
409 91
311 168
311 221
311 278
359 168
359 223
359 282
332 61
346 61
316 61
361 61
346 61
346 91
321 91
310 122
310 168
354 91
379 125
409 91
311 168
311 221
311 278
359 168
359 223
359 282
332 61
346 61
316 61
361 61
346 61
346 91
321 91
310 122
310 168
354 91
379 125
409 100
311 168
311 221
311 278
359 168
359 223
359 282
332 61
346 61
316 61
361 61
346 61
346 91
321 91
310 122
310 168
354 91
379 125
425 100
311 168
311 221
311 278
359 168
359 223
359 282
332 61
346 61
316 61
361 61
345 61
332 91
320 91
309 122
309 168
347 91
372 125
402 109
310 168
310 221
310 278
358 168
358 223
358 282
331 61
345 61
315 61
360 61
345 61
332 91
320 91
309 122
309 168
347 91
372 125
418 116
310 168
310 221
310 278
358 168
358 223
358 282
331 61
345 61
315 61
360 61
346 61
346 91
321 91
310 122
310 168
354 91
379 125
425 116
311 168
311 221
311 278
359 168
359 223
359 282
332 61
346 61
316 61
361 61
346 61
346 91
321 91
310 129
310 167
354 91
379 125
425 125
311 168
311 221
311 278
359 168
359 223
359 282
332 61
346 61
316 61
361 61
346 61
346 91
321 91
310 129
310 167
354 91
379 125
425 134
311 168
311 221
311 278
359 168
359 223
359 282
332 61
346 61
316 61
361 61
346 61
346 91
321 97
310 129
310 167
354 95
379 123
425 132
311 168
311 221
311 278
359 168
359 223
359 282
332 61
346 61
316 61
361 61
345 62
332 98
320 98
309 130
309 168
347 98
372 126
418 142
310 168
310 221
310 278
358 168
358 223
358 282
331 62
345 62
315 62
360 62
346 62
346 98
321 92
310 130
310 168
354 98
379 126
425 151
311 168
311 221
311 278
359 168
359 223
359 282
332 62
346 62
316 62
361 62
346 62
346 98
321 92
310 130
310 168
354 98
379 133
409 149
311 168
311 221
311 278
359 168
359 223
359 282
332 62
346 62
316 62
361 62
346 62
346 98
321 98
310 130
310 168
354 98
367 133
413 158
311 168
311 221
311 278
359 168
359 223
359 282
332 62
346 62
316 62
361 62
346 61
346 91
321 91
310 129
310 167
354 95
367 130
413 155
311 168
311 221
311 278
359 168
359 223
359 282
332 61
346 61
316 61
361 61
346 61
346 91
321 91
310 129
310 167
354 95
367 130
397 163
311 168
311 221
311 278
359 168
359 223
359 282
332 61
346 61
316 61
361 61
346 61
346 91
321 91
310 129
310 167
354 95
367 130
397 163
311 168
311 221
311 278
359 168
359 223
359 282
332 61
346 61
316 61
361 61
346 62
346 98
321 98
310 130
310 168
354 98
367 133
397 166
311 168
311 221
311 278
359 168
359 223
359 282
332 62
346 62
316 62
361 62
346 62
346 98
321 98
310 130
310 168
354 98
367 133
382 174
311 168
311 221
311 278
359 168
359 223
359 282
332 62
346 62
332 62
361 62
346 62
346 98
321 92
310 130
310 168
354 98
367 133
382 174
311 168
311 221
311 278
359 168
359 223
359 282
332 62
346 62
332 62
361 62
346 61
346 91
321 91
310 129
310 167
354 95
367 130
382 171
311 168
311 221
311 278
359 168
359 223
359 282
332 61
346 61
332 61
361 61
346 61
346 91
321 91
310 129
310 167
354 95
367 130
382 171
311 168
311 221
311 278
359 168
359 223
359 282
332 61
346 61
332 61
361 61
346 62
346 98
321 92
310 130
310 168
354 98
367 133
367 174
311 168
311 221
311 278
359 168
359 215
359 283
332 62
346 62
332 62
361 62
346 62
346 98
321 92
310 130
310 168
354 98
367 133
367 174
311 168
311 221
311 278
359 168
359 215
359 283
332 62
346 62
332 62
361 62
346 62
346 98
321 92
310 130
310 168
354 98
367 133
367 174
311 168
311 221
311 278
359 168
359 215
359 283
332 62
346 62
332 62
361 62
346 61
346 91
321 91
310 129
310 159
354 95
367 130
367 171
311 168
311 221
311 278
359 168
359 215
359 283
332 61
346 61
332 61
361 61
346 62
346 98
321 92
310 130
310 168
354 98
367 133
367 174
311 168
311 221
311 278
359 168
359 223
359 282
332 62
346 62
316 62
361 62
346 61
346 91
321 91
310 129
310 167
354 95
367 130
367 171
311 168
311 221
311 278
359 168
359 223
359 282
332 61
346 61
316 61
361 61
346 61
346 91
321 91
310 129
310 167
354 95
367 130
367 171
311 168
311 221
311 278
359 168
359 223
359 282
332 61
346 61
316 61
361 61
346 61
346 91
321 91
310 129
310 167
354 95
367 130
367 171
311 168
311 221
311 278
359 168
359 215
359 283
332 61
346 61
316 61
361 61
346 61
346 91
321 91
310 129
296 167
354 95
367 130
367 171
311 168
311 221
311 278
359 168
359 223
359 282
332 61
346 61
316 61
361 61
346 61
346 91
321 91
310 129
296 167
354 91
367 132
367 173
311 168
311 221
311 278
359 168
359 223
359 282
332 61
346 61
316 61
361 61
346 61
346 91
321 91
310 129
296 159
354 91
367 132
382 173
311 168
311 221
311 278
359 168
359 223
359 282
332 61
346 61
332 61
361 61
346 61
346 91
321 91
310 129
296 159
354 95
367 130
382 171
311 168
311 221
311 278
359 168
372 223
357 282
332 61
346 61
316 61
361 61
346 61
346 91
321 91
310 129
282 159
354 95
367 130
382 171
311 168
311 221
311 278
359 168
372 223
357 282
332 61
346 61
316 61
361 61
346 62
346 98
321 92
310 130
282 160
354 98
367 133
382 174
311 168
311 221
311 278
359 168
372 223
357 282
332 62
346 62
332 62
361 62
346 61
346 91
321 91
310 129
282 152
354 95
367 130
382 171
311 168
311 221
311 278
359 168
372 223
357 282
332 61
346 61
332 61
361 61
346 61
346 91
321 91
310 122
282 153
354 95
367 130
382 171
311 168
311 221
311 278
359 168
372 223
357 282
332 61
346 61
316 61
361 61
346 61
346 91
321 91
310 129
268 144
354 95
367 130
382 171
311 168
311 221
311 278
359 168
372 223
357 282
332 61
346 61
316 61
361 61
346 62
346 98
321 92
299 130
271 145
354 98
367 133
382 174
311 168
311 221
311 278
359 168
372 223
357 282
332 62
346 62
316 62
361 62
346 62
346 98
321 98
299 130
257 137
354 98
367 133
382 174
311 168
311 221
311 278
359 168
372 223
357 282
332 62
346 62
316 62
361 62
346 62
346 98
321 92
299 130
257 130
354 98
367 133
382 174
311 168
311 221
311 278
359 168
372 223
357 282
332 62
346 62
332 62
361 62
346 62
346 98
321 92
299 130
271 122
354 98
367 133
382 174
311 168
311 221
311 278
359 168
372 223
357 282
332 62
346 62
332 62
361 62
346 62
346 98
321 92
299 130
271 122
361 98
361 133
376 174
311 168
311 221
311 278
359 168
372 223
357 282
332 62
346 62
332 62
361 62
346 61
346 91
321 91
299 122
271 114
361 95
361 130
376 171
311 168
311 221
311 278
359 168
372 223
357 282
332 61
346 61
332 61
361 61
346 62
346 98
321 92
299 130
271 114
361 98
361 133
376 174
311 168
311 221
311 278
359 168
372 223
357 282
332 62
346 62
332 62
361 62
346 62
346 98
321 92
299 130
271 107
361 98
361 133
376 174
311 168
311 221
311 278
359 168
372 223
357 282
332 62
346 62
332 62
361 62
346 61
346 91
321 91
299 122
271 107
361 95
361 130
376 171
311 168
311 221
311 278
359 168
372 223
357 282
332 61
346 61
332 61
361 61
346 61
346 91
321 91
299 122
285 107
361 95
361 130
376 171
311 168
311 221
311 278
359 168
372 223
357 282
332 61
346 61
332 61
361 61
346 61
346 91
310 91
298 122
284 107
361 95
361 130
376 171
311 168
311 221
311 278
359 168
372 223
357 282
332 61
346 61
332 61
361 61
345 61
332 91
308 91
296 129
296 106
355 95
355 130
370 171
310 168
310 221
310 278
358 168
371 223
356 282
331 61
345 61
315 61
360 61
345 61
332 91
308 91
296 122
296 122
355 95
355 130
370 171
310 168
310 221
310 278
358 168
371 223
356 282
331 61
345 61
315 61
360 61
345 61
332 91
308 91
296 122
296 145
355 95
355 130
370 171
310 168
310 221
310 278
358 168
371 223
356 282
331 61
345 61
331 61
360 61
346 61
346 91
310 91
298 122
312 153
361 95
361 130
376 171
311 168
311 221
311 278
359 168
372 223
357 282
332 61
346 61
332 61
361 61
345 61
332 91
308 91
296 122
296 122
355 95
355 130
370 171
310 168
310 221
310 278
358 168
371 223
356 282
331 61
345 61
315 61
360 61
345 61
332 91
308 91
296 122
296 145
355 95
355 130
370 171
310 168
310 221
310 278
358 168
371 223
356 282
331 61
345 61
315 61
360 61
345 61
332 91
308 84
296 122
296 99
355 91
355 132
370 173
310 168
310 221
310 278
358 168
371 223
356 282
331 61
345 61
315 61
360 61
345 61
332 91
308 84
296 122
296 91
355 91
355 132
370 173
310 168
310 221
310 278
358 168
371 223
356 282
331 61
345 61
315 61
360 61
345 61
332 91
308 91
296 122
296 145
355 91
355 132
370 173
310 168
310 221
310 278
358 168
371 223
356 282
331 61
345 61
315 61
360 61
345 61
332 91
308 91
296 122
296 145
355 91
355 132
370 173
310 168
310 221
310 278
358 168
371 223
356 282
331 61
345 61
315 61
360 61
345 61
332 91
308 91
296 122
296 145
355 91
355 132
370 173
310 168
310 221
310 278
358 168
371 223
356 282
331 61
345 61
315 61
360 61
345 61
332 91
308 91
296 122
296 107
355 95
355 130
370 171
310 168
310 221
310 278
358 168
371 223
356 282
331 61
345 61
315 61
360 61
345 61
332 91
308 91
296 129
282 106
355 95
355 130
370 171
310 168
310 221
310 278
358 168
371 223
356 282
331 61
345 61
315 61
360 61
345 61
332 91
308 91
296 129
282 106
355 95
355 130
370 171
310 168
310 221
310 278
358 168
371 223
356 282
331 61
345 61
315 61
360 61
346 61
346 91
321 91
310 129
282 106
354 95
367 130
382 171
311 168
311 221
311 278
359 168
372 223
372 282
332 61
346 61
316 61
361 61
346 61
346 91
321 91
310 129
282 113
354 91
367 132
382 173
311 168
311 221
311 278
359 168
372 223
372 282
332 61
346 61
316 61
361 61
346 61
346 91
321 91
310 129
282 113
354 91
367 132
382 173
311 168
311 221
311 278
359 168
372 223
357 282
332 61
346 61
316 61
361 61
346 61
346 91
321 91
310 129
282 121
354 91
367 132
382 173
311 168
311 221
311 278
359 168
372 223
357 282
332 61
346 61
316 61
361 61
346 61
346 91
321 91
310 129
268 121
361 91
361 132
376 173
311 168
311 221
311 278
359 168
372 223
357 282
332 61
346 61
316 61
361 61
346 61
346 91
321 91
310 129
268 129
354 91
367 132
382 173
311 168
311 221
311 278
359 168
372 223
357 282
332 61
346 61
316 61
361 61
346 61
346 91
321 91
310 129
268 136
361 91
361 132
376 173
311 168
311 221
311 278
359 168
372 223
357 282
332 61
346 61
316 61
361 61
346 61
346 91
321 91
310 129
268 144
361 91
361 132
376 173
311 168
311 221
311 278
359 168
372 223
357 282
332 61
346 61
316 61
361 61
346 61
346 91
321 91
310 129
282 144
361 91
361 132
376 173
311 168
311 221
311 278
359 168
372 223
357 282
332 61
346 61
316 61
361 61
346 61
346 91
321 91
310 129
282 152
354 91
367 132
382 173
311 168
311 221
311 278
359 168
372 223
357 282
332 61
346 61
316 61
361 61
345 61
332 91
320 91
309 129
281 159
347 91
360 132
375 173
310 168
310 221
310 278
358 168
371 223
356 282
331 61
345 61
315 61
360 61
345 61
332 91
320 91
309 129
281 159
347 91
360 132
375 173
310 168
310 221
310 278
358 168
371 223
356 282
331 61
345 61
315 61
360 61
345 61
332 91
320 91
309 129
281 159
347 91
360 132
375 173
310 168
310 221
310 278
358 168
371 223
356 282
331 61
345 61
315 61
360 61
345 61
332 91
320 97
309 129
295 167
347 91
360 132
375 173
310 168
310 221
310 278
358 168
371 223
356 282
331 61
345 61
315 61
360 61
345 61
332 91
320 91
309 129
295 167
347 91
360 132
375 173
310 168
310 221
310 278
358 168
371 223
356 282
331 61
345 61
315 61
360 61
332 61
332 91
320 97
309 129
309 167
347 91
360 132
375 173
310 168
310 221
310 278
358 168
371 223
356 282
332 61
348 61
316 61
363 61
332 61
332 91
320 97
309 129
309 159
347 91
360 132
375 165
310 168
310 221
310 278
358 168
371 223
356 282
332 61
348 61
316 61
363 61
332 61
332 91
320 97
309 129
309 167
347 91
360 132
375 165
310 168
310 221
310 278
358 168
371 223
356 282
332 61
348 61
316 61
363 61
332 61
332 91
320 97
309 129
309 167
347 91
360 132
375 173
310 168
310 221
310 278
358 168
371 223
356 282
332 61
348 61
316 61
363 61
332 61
332 91
320 97
320 129
307 167
347 91
360 132
375 173
310 168
310 221
310 278
358 168
371 223
356 282
332 61
348 61
316 61
363 61
332 62
332 98
320 98
320 130
307 168
347 94
360 135
375 176
310 168
310 221
310 278
358 168
371 223
356 282
332 62
348 62
316 62
363 62
332 62
332 98
320 98
320 130
307 168
347 94
360 135
375 176
310 168
310 221
310 278
358 168
371 223
356 282
332 62
348 62
316 62
363 62
332 62
332 98
320 98
320 130
307 168
347 94
360 135
375 176
310 168
310 221
310 278
358 168
371 223
356 282
332 62
348 62
316 62
363 62
332 61
332 91
320 97
320 129
307 167
347 91
360 132
375 173
310 168
310 221
310 278
358 168
371 223
356 282
332 61
348 61
316 61
363 61
332 62
332 98
320 98
320 130
307 168
347 94
360 135
375 176
310 168
310 221
310 278
358 168
371 223
356 282
332 62
348 62
316 62
363 62
332 61
332 91
320 97
320 129
307 167
347 91
360 132
375 173
310 168
310 221
310 278
358 168
371 223
356 282
332 61
348 61
316 61
363 61
332 61
332 91
320 97
309 129
309 167
347 91
360 132
375 173
310 168
310 221
310 278
358 168
371 223
356 282
332 61
348 61
316 61
363 61
332 61
332 91
320 97
309 129
309 167
347 91
360 132
375 173
310 168
310 221
310 278
358 168
371 223
356 282
332 61
348 61
316 61
363 61
332 61
332 91
320 97
309 129
295 167
347 91
360 132
375 173
310 168
310 221
310 278
358 168
371 223
356 282
332 61
348 61
316 61
363 61
332 61
332 91
320 97
309 129
295 167
347 91
360 132
375 173
310 168
310 221
310 278
358 168
371 223
356 282
332 61
348 61
316 61
363 61
332 61
332 91
320 97
309 129
309 167
347 91
360 132
375 173
310 168
310 221
310 278
358 168
371 223
356 282
332 61
348 61
316 61
363 61
332 61
332 91
320 91
309 129
295 167
347 91
360 132
375 173
310 168
310 221
310 278
358 168
371 223
371 282
332 61
348 61
316 61
363 61
333 61
346 91
321 91
310 129
296 167
354 91
367 132
382 173
311 168
311 221
311 278
359 168
372 223
372 282
333 61
349 61
317 61
364 61
333 61
346 91
321 91
310 129
296 167
354 91
367 132
382 173
311 168
311 221
311 278
359 168
372 223
372 282
333 61
349 61
317 61
364 61
333 61
346 91
321 91
310 129
296 167
354 91
367 132
382 173
311 168
311 221
311 278
359 168
372 223
357 282
333 61
349 61
317 61
364 61
346 61
346 91
321 91
310 129
296 167
354 91
367 132
382 173
311 168
311 221
311 278
359 168
372 223
372 282
332 61
346 61
316 61
361 61
346 61
346 91
321 91
310 129
296 167
354 91
367 132
382 173
311 168
311 221
311 278
359 168
372 223
372 282
332 61
346 61
316 61
361 61
346 61
346 91
321 91
310 129
296 167
354 91
367 132
382 173
311 168
311 221
311 278
359 168
372 223
372 282
332 61
346 61
316 61
361 61
346 61
346 91
321 91
310 129
296 167
354 91
367 132
382 173
311 168
311 221
311 278
359 168
372 223
372 282
332 61
346 61
316 61
361 61
346 61
346 91
321 91
310 129
296 167
354 91
367 132
382 173
311 168
311 221
311 278
359 168
372 223
357 282
332 61
346 61
316 61
361 61
346 61
346 91
321 91
310 129
296 167
354 91
367 132
382 173
311 168
311 221
311 278
359 168
372 223
372 282
332 61
346 61
316 61
361 61
346 61
346 91
321 91
310 129
296 167
354 91
367 132
382 173
311 168
311 221
311 278
359 168
372 223
372 282
332 61
346 61
316 61
361 61
346 61
346 91
321 91
310 129
296 167
354 91
367 132
382 182
311 168
311 221
311 278
359 168
372 223
372 282
332 61
346 61
316 61
361 61
346 61
346 91
321 91
310 129
310 167
354 91
367 132
382 173
311 168
311 221
311 278
359 168
372 223
372 282
332 61
346 61
316 61
361 61
346 61
346 91
321 91
310 129
310 167
354 91
367 132
382 173
311 168
311 221
311 278
359 168
372 223
372 282
332 61
346 61
316 61
361 61
346 61
346 91
321 91
310 129
310 167
354 91
367 132
382 173
311 168
311 221
311 278
359 168
372 223
372 282
332 61
346 61
316 61
361 61
346 61
346 91
321 91
310 129
310 167
354 95
367 130
382 171
311 168
311 221
311 278
359 168
372 223
357 282
332 61
346 61
316 61
361 61
346 61
346 91
321 97
321 129
308 167
354 95
367 130
382 171
311 168
311 221
311 278
359 168
372 223
357 282
332 61
346 61
316 61
361 61
346 62
346 98
321 98
321 130
321 160
354 98
367 133
382 174
311 168
311 221
311 278
359 168
372 223
372 282
332 62
346 62
316 62
361 62
346 61
346 91
321 97
321 129
308 159
354 95
367 130
367 171
311 168
311 221
311 278
359 168
372 223
357 282
332 61
346 61
316 61
361 61
346 62
346 98
321 92
321 130
308 160
361 98
361 133
361 174
311 168
311 221
311 278
359 168
359 223
359 282
332 62
346 62
316 62
361 62
346 62
346 98
321 92
321 130
308 168
361 98
361 133
361 174
311 168
311 221
311 278
359 168
359 223
374 282
332 62
346 62
332 62
361 62
346 69
346 98
321 98
321 130
308 168
361 98
361 133
361 174
311 168
311 221
311 278
359 168
372 223
372 282
332 61
346 60
332 61
361 60
346 62
346 98
321 98
321 130
308 168
361 98
361 133
361 174
311 168
311 221
311 278
359 168
372 223
372 282
332 62
346 62
332 62
361 62
346 62
346 98
321 92
321 130
308 168
361 98
361 133
361 174
311 168
311 221
311 278
359 168
372 223
357 282
332 62
362 62
332 62
362 62
346 62
346 98
321 98
321 130
308 168
361 98
361 133
361 174
311 168
311 221
311 278
359 168
372 223
372 282
332 62
362 62
332 62
362 62
346 62
346 98
321 92
321 130
308 168
361 98
361 133
361 174
311 168
311 221
311 278
359 168
372 223
372 282
332 62
362 62
332 62
362 62
346 61
346 91
321 91
321 129
308 167
361 95
361 130
376 171
327 168
315 221
315 278
359 168
372 223
357 282
332 61
362 61
332 61
362 61
346 61
346 91
321 91
321 129
308 167
361 95
361 130
361 171
327 168
315 221
315 278
359 168
372 223
372 282
332 61
362 61
332 61
362 61
346 62
346 98
321 98
321 130
308 168
361 98
361 133
361 174
327 168
315 221
315 278
359 168
372 223
372 282
346 62
362 62
330 62
362 62
346 61
346 91
321 91
321 129
308 167
361 91
361 132
361 173
327 168
315 221
315 278
359 168
372 223
372 282
346 61
362 61
330 61
362 61
346 61
346 91
321 91
321 129
308 167
361 95
361 130
376 171
327 168
315 221
315 278
359 168
372 223
372 282
346 61
362 61
330 61
362 61
346 61
346 91
321 91
321 129
308 167
361 95
361 130
376 171
327 168
315 221
315 278
359 168
372 223
372 282
346 61
362 61
330 61
362 61
346 62
346 98
321 92
321 130
308 168
361 98
361 133
376 174
327 168
315 221
315 278
359 168
372 223
372 282
346 62
362 62
330 62
362 62
346 61
346 91
321 91
321 129
308 167
361 95
361 130
376 171
327 168
315 221
315 278
359 168
372 223
357 282
346 61
362 61
330 61
377 61
346 61
346 91
321 91
321 129
308 167
361 95
374 130
374 171
324 168
312 221
312 278
372 168
372 223
372 282
346 61
362 61
330 61
377 61
346 61
346 91
321 91
321 129
308 167
361 91
374 132
374 173
324 168
312 221
312 278
372 168
372 223
372 282
346 61
362 61
330 61
377 61
360 69
360 91
335 91
323 129
310 167
368 95
381 130
381 171
325 168
313 221
313 278
373 168
373 223
373 282
346 61
360 60
330 61
375 60
360 69
360 98
335 92
323 130
323 168
375 98
375 133
375 183
325 168
313 221
313 278
373 168
373 223
373 282
346 61
360 60
346 61
375 60
360 61
360 91
335 91
323 129
323 167
375 95
375 130
375 171
325 168
313 221
313 278
373 168
373 223
373 282
346 61
376 61
346 61
376 61
360 61
360 91
335 91
323 122
323 168
375 91
375 132
375 182
325 168
313 221
313 278
373 168
373 223
373 282
360 61
376 61
344 61
376 61
360 69
360 91
335 91
335 122
321 168
375 95
375 130
375 171
325 168
325 221
310 278
373 168
373 223
373 282
360 61
376 60
344 61
391 60
360 61
360 91
335 91
335 122
321 168
375 95
375 130
375 171
325 168
325 221
310 278
373 168
373 223
373 282
360 61
376 61
344 61
391 61
360 61
360 91
335 91
335 129
321 167
375 91
375 132
375 173
341 168
329 221
314 278
373 168
373 223
373 282
360 61
376 61
344 61
391 61
373 61
360 91
335 91
335 122
335 160
375 91
388 132
388 182
341 168
329 221
314 278
373 168
373 223
373 282
359 61
373 61
343 61
388 61
373 61
360 91
335 91
335 122
335 160
375 91
388 132
388 173
338 168
326 221
311 278
386 168
373 223
373 282
359 61
373 61
343 61
388 61
373 61
360 91
335 91
335 129
321 167
375 91
388 132
388 182
338 168
326 221
311 278
386 168
373 223
373 282
359 61
389 61
343 61
389 61
374 61
374 91
349 91
337 122
337 160
382 91
395 132
395 173
339 168
327 221
312 278
387 168
374 223
374 282
360 61
390 61
360 61
390 61
374 61
374 91
349 91
337 122
337 160
389 95
389 130
389 171
339 168
327 221
312 278
387 168
374 223
374 282
360 61
390 61
360 61
390 61
374 61
374 91
349 91
337 122
337 160
389 95
389 130
389 171
339 168
327 221
312 278
387 168
374 223
374 282
374 61
390 61
358 61
390 61
374 69
374 91
349 91
337 122
337 160
389 95
389 130
389 171
339 168
327 221
312 278
387 168
374 223
374 282
374 61
390 60
358 61
390 60
374 61
374 91
349 91
337 122
337 160
389 91
389 132
389 173
339 168
327 221
312 278
387 168
374 223
374 282
374 61
390 61
358 61
405 61
374 61
374 91
349 91
337 122
337 160
389 95
389 130
389 171
339 168
327 214
327 280
387 168
374 223
374 282
374 61
390 61
358 61
405 61
374 61
374 91
349 91
337 122
337 160
389 95
389 130
389 171
339 168
339 221
324 278
387 168
374 223
374 282
374 61
390 61
358 61
405 61
374 61
374 91
349 91
337 129
337 159
389 95
389 130
389 171
339 168
339 221
324 278
387 168
374 223
374 282
374 61
390 61
358 61
405 61
