513 31
555 144
485 144
454 238
454 381
592 144
613 202
613 342
459 345
459 509
459 686
592 345
592 513
622 629
513 31
558 31
481 31
600 31
541 31
541 144
506 144
475 238
475 381
615 144
636 202
636 342
481 345
481 509
481 686
614 345
614 513
644 629
541 31
586 31
509 31
628 31
541 31
541 144
506 144
475 238
475 381
615 144
636 202
636 342
481 345
481 509
481 686
614 345
614 513
644 629
541 31
586 31
509 31
628 31
541 31
541 144
506 144
475 238
475 381
615 144
636 202
636 342
481 345
481 509
481 686
614 345
614 513
614 629
541 31
586 31
509 31
628 31
541 31
541 144
506 144
475 238
475 381
615 144
636 202
636 342
481 345
481 509
481 686
614 345
614 513
614 629
541 31
586 31
509 31
628 31
541 31
541 144
506 144
475 238
475 381
615 144
636 202
636 342
481 345
481 509
481 686
614 345
614 513
644 629
541 31
586 31
509 31
628 31
541 31
541 144
506 144
475 238
475 381
615 144
636 202
636 342
481 345
481 509
481 686
614 345
614 513
644 629
541 31
586 31
509 31
628 31
541 31
541 144
506 144
475 238
475 381
615 144
636 202
636 342
481 345
481 509
481 686
614 345
614 513
644 629
541 31
586 31
509 31
628 31
541 31
541 144
506 144
475 238
475 381
615 144
636 202
636 342
481 345
481 509
481 686
614 345
614 513
644 629
541 31
586 31
509 31
628 31
541 31
541 144
506 144
475 238
475 381
615 144
636 202
636 342
481 345
481 509
481 686
614 345
614 513
644 629
541 31
586 31
509 31
628 31
541 31
541 144
506 144
475 238
475 381
615 144
636 202
636 342
481 345
481 509
481 686
614 345
614 513
644 629
541 31
586 31
509 31
628 31
541 31
541 144
506 144
475 238
475 381
615 144
636 202
636 342
481 345
481 509
481 686
614 345
614 513
644 629
541 31
586 31
509 31
628 31
541 31
541 144
506 144
475 238
475 381
615 144
636 202
636 342
481 345
481 509
481 686
614 345
614 513
644 629
541 31
586 31
509 31
628 31
541 31
541 144
506 144
475 238
475 381
615 144
636 202
636 342
481 345
481 509
481 686
614 345
614 513
644 629
541 31
586 31
509 49
628 31
541 31
541 144
506 144
475 238
475 381
615 144
636 202
636 342
481 345
481 509
481 686
614 345
614 513
644 629
541 31
586 31
509 49
628 31
541 31
541 144
506 144
475 238
475 381
615 144
636 202
636 342
481 345
481 509
481 686
614 345
614 513
644 629
541 31
586 31
509 49
628 31
541 31
541 144
506 144
475 238
475 381
615 144
636 202
636 342
481 345
481 509
481 686
614 345
614 513
644 629
541 31
586 31
509 49
628 31
541 31
541 144
506 144
475 238
475 381
615 144
636 202
636 342
481 345
481 509
481 686
614 345
614 513
614 629
541 31
586 31
509 49
628 31
541 31
541 144
506 144
475 238
475 381
615 144
636 202
636 342
481 345
481 509
481 686
614 345
614 513
614 629
541 31
586 31
509 49
628 31
541 31
541 144
506 144
475 238
475 381
615 144
636 202
636 342
481 345
481 509
481 686
614 345
614 513
614 629
541 31
586 31
509 49
628 31
541 31
541 144
506 144
475 238
475 381
615 144
636 202
636 342
481 345
481 509
481 686
614 345
614 513
614 629
541 31
586 31
509 49
628 31
541 31
541 144
506 144
475 238
475 381
615 144
636 202
636 342
481 345
481 509
481 686
614 345
614 513
644 629
541 31
586 31
509 49
628 31
541 31
541 144
506 144
475 238
475 381
615 144
636 202
636 342
481 345
481 509
481 686
614 345
614 513
614 629
541 31
586 31
509 49
628 31
541 31
541 144
506 144
475 238
475 381
615 144
636 202
636 342
481 345
481 509
481 686
614 345
614 513
614 629
541 31
586 31
509 49
628 31
541 31
541 144
506 144
475 238
475 381
615 144
636 202
636 342
481 345
481 509
481 686
614 345
614 513
614 629
541 31
586 31
509 49
628 31
541 31
541 144
506 144
475 238
475 381
615 144
636 202
636 342
481 345
481 509
481 686
614 345
614 513
614 629
541 31
586 31
509 49
628 31
541 31
541 144
506 144
475 238
475 381
615 144
636 202
636 342
481 345
481 509
481 686
614 345
614 513
614 629
541 31
586 31
509 49
628 31
541 31
541 144
506 144
475 238
475 381
615 144
636 202
636 342
481 345
481 509
481 686
614 345
614 513
614 629
541 31
586 31
509 49
628 31
541 31
541 144
506 144
475 238
475 381
615 144
636 202
636 342
481 345
481 509
481 686
614 345
614 513
614 629
541 31
586 31
509 49
628 31
541 31
541 144
506 144
475 238
475 381
615 144
636 202
636 342
481 345
481 509
481 686
614 345
614 513
614 629
541 31
586 31
509 49
628 31
541 31
541 144
506 144
475 238
475 381
615 144
636 202
636 342
481 345
481 509
481 686
614 345
614 513
614 629
541 31
586 31
509 49
628 31
541 31
541 144
506 144
475 238
475 381
615 144
636 202
636 342
481 345
481 509
481 686
614 345
614 513
614 629
541 31
586 31
509 49
628 31
541 31
541 144
506 144
475 238
475 381
615 144
636 202
636 342
481 345
481 509
481 686
614 345
614 513
614 629
541 31
586 31
509 49
628 31
541 31
541 144
506 144
475 238
475 381
615 144
636 202
636 342
481 345
481 509
481 686
614 345
614 513
644 629
541 31
586 31
509 49
628 31
541 31
541 144
506 144
475 238
475 381
615 144
636 202
636 342
481 345
481 509
481 686
614 345
614 513
614 629
541 31
586 31
509 49
628 31
541 31
541 144
506 144
475 238
475 381
615 144
636 202
636 318
481 345
481 509
481 686
614 345
614 513
614 629
541 31
586 31
509 31
628 31
541 31
541 144
506 144
475 238
475 381
615 144
636 202
636 318
481 345
481 509
481 686
614 345
614 513
614 629
541 31
586 31
509 31
628 31
541 31
541 144
506 144
475 238
475 381
615 144
636 202
636 342
481 345
481 509
481 686
614 345
614 513
614 629
541 31
586 31
509 31
628 31
541 31
541 144
506 144
475 238
475 381
615 144
636 202
636 342
481 345
481 509
481 686
614 345
614 513
614 629
541 31
586 31
509 31
628 31
541 31
541 144
506 144
475 238
475 381
615 144
636 202
636 342
481 345
481 509
481 686
614 345
614 513
614 629
541 31
586 31
509 31
628 31
541 31
541 144
506 144
475 238
475 381
615 144
636 202
636 342
481 345
481 509
481 686
614 345
614 513
614 629
541 31
586 31
509 31
628 31
541 31
541 144
506 144
475 238
475 381
615 144
636 202
636 342
481 345
481 509
481 686
614 345
614 513
614 629
541 31
586 31
509 31
628 31
541 31
541 144
506 144
475 238
475 381
615 144
636 202
636 342
481 345
481 509
481 686
614 345
614 513
614 629
541 31
586 31
509 31
628 31
541 31
541 144
506 144
475 238
475 381
615 144
636 202
636 342
481 345
481 509
481 686
614 345
614 513
614 629
541 31
586 31
509 31
628 31
541 31
541 144
506 144
475 238
475 381
615 144
636 202
636 342
481 345
481 509
481 686
614 345
614 513
614 629
541 31
586 31
509 31
628 31
541 31
541 144
506 144
475 238
475 381
615 144
636 202
636 342
481 345
481 509
481 686
614 345
614 513
614 629
541 31
586 31
509 31
628 31
541 31
541 144
506 144
475 238
475 381
615 144
636 202
636 342
481 345
481 509
481 686
614 345
614 513
614 629
541 31
586 31
509 31
628 31
541 31
541 144
506 144
475 238
475 381
615 144
636 202
636 342
481 345
481 509
481 686
614 345
614 513
614 629
541 31
586 31
509 31
628 31
541 31
541 144
506 144
475 238
475 381
615 144
636 202
636 342
481 345
481 509
481 686
614 345
614 513
614 629
541 31
586 31
509 31
628 31
541 31
541 144
506 144
475 238
475 381
615 144
636 202
636 342
481 345
481 509
481 686
614 345
614 513
614 629
541 31
586 31
509 31
628 31
541 31
541 144
506 144
475 238
475 381
615 144
636 202
636 342
481 345
481 509
481 686
614 345
614 513
614 629
541 31
586 31
509 31
628 31
541 31
541 144
506 144
475 238
475 381
615 144
636 202
636 318
481 345
481 509
481 686
614 345
614 513
614 629
541 31
586 31
509 31
628 31
541 31
541 144
506 144
475 238
475 381
615 144
636 202
636 342
481 345
481 509
481 686
614 345
614 513
614 629
541 31
586 31
509 31
628 31
541 31
541 144
506 144
475 238
475 381
615 144
636 202
636 342
481 345
481 509
481 686
614 345
653 513
623 629
541 31
586 31
509 31
628 31
541 31
541 144
506 144
475 238
475 381
615 144
636 202
636 342
481 345
481 509
481 686
614 345
653 513
623 629
541 31
586 31
509 31
628 31
541 31
541 144
506 144
475 238
475 381
615 144
636 202
679 342
481 345
481 509
481 686
614 345
653 513
623 629
541 31
586 31
509 31
628 31
541 31
541 144
506 144
475 238
475 381
615 144
636 202
636 318
481 345
481 509
481 686
614 345
653 513
623 629
541 31
586 31
509 31
628 31
541 31
541 144
506 144
475 238
475 381
615 144
636 202
636 318
481 345
481 509
481 686
614 345
653 513
623 629
541 31
586 31
509 31
628 31
541 31
541 144
506 144
475 238
475 381
615 144
636 202
636 318
481 345
481 509
481 686
614 345
653 513
653 629
541 31
586 31
509 31
628 31
541 31
541 144
506 144
475 238
475 356
615 144
636 202
636 318
481 345
481 509
481 686
614 345
653 513
653 629
541 31
586 31
509 31
628 31
541 31
541 144
506 144
475 238
475 356
615 144
636 202
636 318
481 345
481 509
481 686
614 345
653 513
653 629
541 31
586 31
509 31
628 31
541 31
541 144
506 144
475 238
475 356
615 144
636 202
636 318
481 345
481 509
481 686
614 345
653 513
653 629
541 31
586 31
509 31
628 31
541 31
541 144
506 144
475 238
475 356
615 144
636 202
636 318
481 345
481 509
481 686
614 345
653 513
653 629
541 31
586 31
509 31
628 31
541 31
541 144
506 144
475 238
475 356
615 144
636 202
636 318
481 345
481 509
481 686
614 345
653 513
653 629
541 31
586 31
509 31
628 31
541 31
541 144
506 144
475 238
475 356
615 144
636 202
679 318
481 345
481 509
481 686
614 345
653 513
653 629
541 31
586 31
509 31
628 31
541 31
541 144
506 144
475 238
475 381
615 144
636 202
679 318
481 345
481 509
481 686
614 345
653 513
653 629
541 31
586 31
509 31
628 31
541 31
541 144
506 144
475 238
475 381
615 144
636 202
679 342
481 345
481 509
481 686
614 345
653 513
653 629
541 31
586 31
509 31
628 31
541 31
541 144
506 144
475 238
475 381
615 144
636 202
679 318
481 345
481 509
481 686
614 345
653 513
653 629
541 31
586 31
509 31
628 31
541 31
541 144
506 144
475 238
475 356
615 144
636 202
679 318
481 345
481 509
481 686
614 345
653 513
653 629
541 31
586 31
509 31
628 31
513 31
555 144
485 144
454 238
454 381
592 144
613 202
656 318
459 345
459 509
459 686
592 345
631 513
631 629
513 31
558 31
481 31
600 31
513 31
555 144
485 144
454 238
454 381
592 144
613 202
656 318
459 345
459 509
459 686
592 345
631 513
631 629
513 31
558 31
481 31
600 31
541 31
541 144
506 144
475 238
475 381
615 144
636 202
679 318
481 345
481 509
481 686
614 345
653 513
653 629
541 31
586 31
509 31
628 31
541 31
541 144
506 144
475 238
475 381
615 144
636 202
679 318
481 345
481 509
481 686
614 345
653 513
653 629
541 31
586 31
509 31
628 31
541 31
541 144
506 144
475 238
475 381
615 144
636 202
679 318
481 345
481 509
481 686
614 345
653 513
653 629
541 31
586 31
509 31
628 31
513 31
555 144
485 144
454 238
454 356
592 144
613 202
656 318
459 345
459 509
459 686
592 345
631 513
631 629
513 31
558 31
481 31
600 31
513 31
555 144
485 144
454 238
454 356
592 144
613 202
656 318
459 345
459 509
459 686
592 345
631 513
631 629
513 31
558 31
481 31
600 31
513 31
555 144
485 144
454 238
454 356
592 144
613 202
698 318
459 345
459 509
459 686
592 345
631 513
631 629
513 31
558 31
481 31
600 31
541 31
541 144
506 144
475 238
475 356
615 144
636 202
721 318
481 345
481 509
481 686
614 345
653 513
653 629
541 31
586 31
509 31
628 31
541 31
541 144
506 144
475 238
475 381
615 144
636 202
721 294
481 345
481 509
481 686
614 345
653 513
653 629
541 31
586 31
509 31
628 31
513 31
555 144
485 144
454 238
454 356
592 144
613 202
741 294
459 345
459 509
459 686
592 345
631 513
631 629
513 31
558 31
481 31
600 31
583 31
541 144
506 144
475 238
475 381
615 144
636 202
764 272
481 345
481 509
481 686
614 345
653 513
653 629
548 31
583 31
516 31
625 31
583 31
541 144
506 144
475 238
475 356
615 144
636 202
764 272
481 345
481 509
481 686
614 345
653 513
653 629
548 31
583 31
516 31
625 31
583 31
541 144
506 144
475 238
475 356
615 144
636 202
764 248
481 345
481 509
481 686
614 345
653 513
653 629
548 31
583 31
516 31
625 31
555 31
555 144
485 144
454 238
454 356
592 144
633 202
761 248
459 345
459 509
459 686
592 345
631 513
631 629
520 31
555 31
488 31
597 31
583 31
541 144
506 144
475 238
475 356
615 144
656 202
784 223
481 345
481 509
481 686
614 345
653 513
653 629
548 31
583 31
516 31
625 31
583 31
541 144
506 144
475 238
475 356
615 144
656 202
784 202
481 345
481 509
481 686
614 345
653 513
623 629
548 31
583 31
516 31
625 31
555 31
555 144
485 144
454 238
454 356
592 144
633 202
761 178
459 345
459 509
459 686
592 345
631 513
631 629
520 31
555 31
488 31
597 31
555 31
555 144
485 144
454 238
454 356
592 144
633 202
761 178
459 345
459 509
459 686
592 345
631 513
601 629
520 31
555 31
488 31
597 31
555 45
555 137
485 137
454 248
454 366
592 155
633 201
718 177
459 356
459 520
459 697
592 356
631 524
601 640
520 45
555 45
488 45
597 45
555 45
555 137
485 137
454 248
454 366
592 155
633 201
718 177
459 356
459 520
459 697
592 356
631 524
631 640
520 45
555 45
488 45
597 45
555 45
555 137
485 137
454 248
454 366
592 137
633 193
718 147
459 356
459 520
459 697
592 356
631 524
631 640
520 45
555 45
488 45
597 45
555 45
555 137
485 137
454 248
454 366
592 137
633 193
761 123
459 356
459 520
459 697
592 356
631 524
601 640
520 45
555 45
488 45
597 45
555 45
555 137
485 137
454 248
454 366
592 137
633 193
718 123
459 356
459 520
459 697
592 356
631 524
601 640
520 45
555 45
488 45
597 45
555 45
555 137
485 137
454 248
454 366
592 137
633 193
676 169
459 356
459 520
459 697
592 356
631 524
601 640
520 45
555 45
488 45
597 45
555 45
555 137
485 137
454 248
454 366
592 137
633 193
676 147
459 356
459 520
459 697
592 356
631 524
601 640
520 45
555 45
488 45
597 45
555 45
555 137
485 137
454 248
454 366
592 137
633 193
676 123
459 356
459 520
459 697
592 356
631 524
601 640
520 45
555 45
488 45
597 45
555 45
555 137
485 137
454 248
454 366
592 137
633 181
676 111
459 356
459 520
459 697
592 356
631 524
601 640
520 45
555 45
488 45
597 45
555 45
555 137
485 137
454 248
454 366
592 137
633 181
676 89
459 356
459 520
459 697
592 356
631 524
601 640
520 45
555 45
488 45
597 45
555 45
555 137
485 137
454 248
454 366
592 137
633 181
676 89
459 356
459 520
459 697
592 356
631 524
601 640
520 45
555 45
488 45
597 45
555 45
555 137
485 137
454 248
454 366
592 137
633 181
676 89
459 356
459 520
459 697
592 356
631 524
601 640
520 45
555 45
488 45
597 45
555 45
555 137
485 137
454 248
454 366
592 137
633 181
676 89
459 356
459 520
459 697
592 356
631 524
601 640
520 45
555 45
488 45
597 45
555 45
555 137
485 137
454 229
454 372
592 137
633 181
676 89
459 356
459 520
459 697
592 356
631 524
601 640
520 45
555 45
488 45
597 45
555 45
555 137
485 137
454 248
454 366
592 137
654 181
611 89
459 356
459 520
459 697
592 356
631 524
601 640
520 45
555 45
488 45
597 45
555 45
555 137
485 137
454 229
454 372
629 137
650 181
650 89
459 356
459 520
459 697
592 356
631 524
601 640
520 45
555 45
488 45
597 45
555 45
555 137
485 137
454 229
454 372
629 137
670 181
627 89
459 356
459 520
459 697
592 356
631 524
601 640
520 45
555 45
488 45
597 45
555 45
555 137
485 137
454 229
454 372
629 137
670 181
627 89
459 356
459 520
459 697
592 356
631 524
601 640
520 45
555 45
488 45
597 45
555 45
555 137
485 137
454 229
454 372
629 137
670 181
627 89
459 356
459 520
459 697
592 356
631 524
601 640
520 45
555 45
488 45
597 45
555 45
555 137
485 137
454 229
454 372
629 137
670 181
627 89
459 356
459 520
459 697
592 356
631 524
601 640
520 45
555 45
488 45
597 45
555 45
555 137
485 137
454 229
454 372
629 137
670 181
627 89
459 356
459 520
459 697
592 356
631 524
601 640
520 45
555 45
488 45
597 45
555 45
555 137
485 137
454 229
454 372
629 137
670 181
627 89
459 356
459 520
459 697
592 356
592 524
592 640
520 45
555 45
488 45
597 45
555 45
555 137
485 137
454 229
454 372
629 137
650 181
650 89
459 356
459 520
459 697
592 356
592 524
592 640
520 45
555 45
488 45
597 45
555 45
555 137
485 137
454 229
454 372
592 137
633 181
676 89
459 356
459 520
459 697
592 356
592 524
592 640
520 45
555 45
488 45
597 45
555 45
555 137
485 137
454 229
454 372
592 137
633 181
676 89
459 356
459 520
459 697
592 356
592 524
592 640
520 45
555 45
488 45
597 45
555 45
555 137
485 137
454 229
454 372
592 137
633 181
676 111
459 356
459 520
459 697
592 356
592 524
592 640
520 45
555 45
488 45
597 45
555 45
555 137
485 137
454 229
454 372
592 137
633 181
676 111
459 356
459 520
459 697
592 356
592 524
592 640
520 45
555 45
488 45
597 45
555 45
555 137
485 137
454 229
454 372
592 137
633 193
676 98
459 356
459 520
459 697
592 356
592 524
592 640
520 45
555 45
488 45
597 45
555 45
555 137
485 137
454 229
454 372
592 137
633 193
718 98
459 356
459 520
459 697
592 356
592 524
592 640
520 45
555 45
488 45
597 45
555 45
555 137
485 137
454 229
454 372
592 137
633 193
718 98
459 356
459 520
459 697
592 356
592 524
592 640
520 45
555 45
488 45
597 45
555 45
555 137
485 137
454 229
454 372
592 137
633 193
718 123
459 356
459 520
459 697
592 356
592 524
592 640
520 45
555 45
488 45
597 45
555 45
555 137
485 137
454 229
454 372
592 137
633 193
761 123
459 356
459 520
459 697
592 356
592 524
592 640
520 45
555 45
488 45
597 45
583 45
541 137
506 137
475 229
475 372
615 137
656 193
741 147
481 356
481 520
481 697
614 356
614 524
614 640
548 45
583 45
516 45
625 45
583 45
541 137
506 137
475 229
475 372
615 137
656 193
784 169
481 356
481 520
481 697
614 356
614 524
614 640
548 45
583 45
516 45
625 45
555 45
555 137
485 137
454 229
454 372
592 137
633 193
761 169
459 356
459 520
459 697
592 356
592 524
592 640
520 45
555 45
488 45
597 45
555 45
555 137
485 137
454 248
454 366
592 137
633 193
761 193
459 356
459 520
459 697
592 356
592 524
592 640
520 45
555 45
488 45
597 45
555 45
555 137
485 137
454 248
454 366
592 137
633 193
761 217
459 356
459 520
459 697
592 356
592 524
592 640
520 45
555 45
488 45
597 45
555 45
555 137
485 154
454 248
454 366
592 155
633 201
761 225
459 356
459 520
459 697
592 356
592 524
592 640
520 45
555 45
488 45
597 45
583 31
541 144
506 144
475 238
475 356
615 144
656 190
784 236
481 345
481 509
481 686
614 345
614 513
614 629
548 31
583 31
516 31
625 31
555 31
555 144
485 127
454 238
454 356
592 144
633 190
761 260
459 345
459 509
459 686
592 345
592 513
592 629
520 31
555 31
488 31
597 31
555 31
555 144
485 127
454 238
454 356
592 144
633 202
718 248
459 345
459 509
459 686
592 345
592 513
592 629
520 31
555 31
488 31
597 31
555 31
555 144
485 144
454 238
454 356
592 144
613 202
741 272
459 345
459 509
459 686
592 345
592 513
592 629
520 31
555 31
488 31
597 31
555 45
555 137
485 137
454 248
454 366
592 155
613 213
741 283
459 356
459 520
459 697
592 356
592 524
592 640
520 45
555 45
488 45
597 45
555 45
555 137
485 137
454 248
454 366
592 155
613 213
698 305
459 356
459 520
459 697
592 356
592 524
592 640
520 45
555 45
488 45
597 45
555 45
555 137
485 137
454 248
454 366
592 155
613 213
698 305
459 356
459 520
459 697
592 356
592 524
592 640
520 45
555 45
488 45
597 45
555 31
555 144
485 144
454 238
454 356
592 144
613 202
698 294
459 345
459 509
459 686
592 345
592 513
592 629
520 31
555 31
488 31
597 31
555 31
555 144
485 144
454 238
454 356
592 144
613 202
656 318
459 345
459 509
459 686
592 345
592 513
592 629
520 31
555 31
520 31
597 31
555 31
555 144
485 127
454 238
454 356
592 144
613 202
656 318
459 345
459 509
459 686
592 345
592 513
592 629
520 31
555 31
520 31
597 31
555 45
555 137
485 137
454 248
454 366
592 155
613 213
656 329
459 356
459 520
459 697
592 356
592 524
592 640
520 45
555 45
520 45
597 45
555 45
555 137
485 137
454 248
454 366
592 155
613 213
656 329
459 356
459 520
459 697
592 356
592 524
592 640
520 45
555 45
520 45
597 45
555 31
555 144
485 127
454 238
454 356
592 144
613 202
613 318
459 345
459 509
459 686
592 345
592 491
592 625
520 31
555 31
520 31
597 31
555 31
555 144
485 127
454 238
454 356
592 144
613 202
613 318
459 345
459 509
459 686
592 345
592 491
592 625
520 31
555 31
520 31
597 31
555 31
555 144
485 127
454 238
454 356
592 144
613 202
613 318
459 345
459 509
459 686
592 345
592 491
592 625
520 31
555 31
520 31
597 31
555 45
555 137
485 137
454 248
454 342
592 155
613 213
613 329
459 356
459 520
459 697
592 356
592 502
592 636
520 45
555 45
520 45
597 45
555 31
555 144
485 127
454 238
454 356
592 144
613 202
613 318
459 345
459 509
459 686
592 345
592 513
592 629
520 31
555 31
488 31
597 31
555 45
555 137
485 137
454 248
454 366
592 155
613 213
613 329
459 356
459 520
459 697
592 356
592 524
592 640
520 45
555 45
488 45
597 45
555 45
555 137
485 137
454 248
454 366
592 155
613 213
613 329
459 356
459 520
459 697
592 356
592 524
592 640
520 45
555 45
488 45
597 45
555 45
555 137
485 137
454 248
454 366
592 155
613 213
613 329
459 356
459 520
459 697
592 356
592 502
592 636
520 45
555 45
488 45
597 45
555 45
555 137
485 137
454 248
410 366
592 155
613 213
613 329
459 356
459 520
459 697
592 356
592 524
592 640
520 45
555 45
488 45
597 45
555 45
555 137
485 137
454 248
410 366
592 137
613 205
613 321
459 356
459 520
459 697
592 356
592 524
592 640
520 45
555 45
488 45
597 45
555 45
555 137
485 137
454 248
410 342
592 137
613 205
656 321
459 356
459 520
459 697
592 356
592 524
592 640
520 45
555 45
520 45
597 45
555 45
555 137
485 137
454 248
410 342
592 155
613 213
656 329
459 356
459 520
459 697
592 356
631 524
601 640
520 45
555 45
488 45
597 45
555 45
555 137
485 137
454 248
367 342
592 155
613 213
656 329
459 356
459 520
459 697
592 356
631 524
601 640
520 45
555 45
488 45
597 45
555 31
555 144
485 127
454 238
367 332
592 144
613 202
656 318
459 345
459 509
459 686
592 345
631 513
601 629
520 31
555 31
520 31
597 31
555 45
555 137
485 137
454 248
367 320
592 155
613 213
656 329
459 356
459 520
459 697
592 356
631 524
601 640
520 45
555 45
520 45
597 45
555 45
555 137
485 137
454 229
367 326
592 155
613 213
656 329
459 356
459 520
459 697
592 356
631 524
601 640
520 45
555 45
488 45
597 45
555 45
555 137
485 137
454 248
323 295
592 155
613 213
656 329
459 356
459 520
459 697
592 356
631 524
601 640
520 45
555 45
488 45
597 45
555 31
555 144
485 127
420 238
333 285
592 144
613 202
656 318
459 345
459 509
459 686
592 345
631 513
601 629
520 31
555 31
488 31
597 31
555 31
555 144
485 144
420 238
289 260
592 144
613 202
656 318
459 345
459 509
459 686
592 345
631 513
601 629
520 31
555 31
488 31
597 31
555 31
555 144
485 127
420 238
289 238
592 144
613 202
656 318
459 345
459 509
459 686
592 345
631 513
601 629
520 31
555 31
520 31
597 31
555 31
555 144
485 127
420 238
333 213
592 144
613 202
656 318
459 345
459 509
459 686
592 345
631 513
601 629
520 31
555 31
520 31
597 31
555 31
555 144
485 127
420 238
333 213
629 144
629 202
672 318
459 345
459 509
459 686
592 345
631 513
601 629
520 31
555 31
520 31
597 31
555 45
555 137
485 137
420 229
333 204
629 155
629 213
672 329
459 356
459 520
459 697
592 356
631 524
601 640
520 45
555 45
520 45
597 45
555 31
555 144
485 127
420 238
333 188
629 144
629 202
672 318
459 345
459 509
459 686
592 345
631 513
601 629
520 31
555 31
520 31
597 31
555 31
555 144
485 127
420 238
333 166
629 144
629 202
672 318
459 345
459 509
459 686
592 345
631 513
601 629
520 31
555 31
520 31
597 31
555 45
555 137
485 137
420 229
333 182
629 155
629 213
672 329
459 356
459 520
459 697
592 356
631 524
601 640
520 45
555 45
520 45
597 45
555 45
555 137
485 137
420 229
376 182
629 155
629 213
672 329
459 356
459 520
459 697
592 356
631 524
601 640
520 45
555 45
520 45
597 45
555 45
555 137
453 137
419 229
375 182
629 155
629 213
672 329
459 356
459 520
459 697
592 356
631 524
601 640
520 45
555 45
520 45
597 45
583 45
541 137
474 137
440 248
440 176
652 155
652 213
695 329
481 356
481 520
481 697
614 356
653 524
623 640
548 45
583 45
516 45
625 45
583 45
541 137
474 137
440 229
440 229
652 155
652 213
695 329
481 356
481 520
481 697
614 356
653 524
623 640
548 45
583 45
516 45
625 45
583 45
541 137
474 137
440 229
440 301
652 155
652 213
695 329
481 356
481 520
481 697
614 356
653 524
623 640
548 45
583 45
548 45
625 45
555 45
555 137
453 137
419 229
463 326
629 155
629 213
672 329
459 356
459 520
459 697
592 356
631 524
601 640
520 45
555 45
520 45
597 45
583 45
541 137
474 137
440 229
440 229
652 155
652 213
695 329
481 356
481 520
481 697
614 356
653 524
623 640
548 45
583 45
516 45
625 45
583 45
541 137
474 137
440 229
440 301
652 155
652 213
695 329
481 356
481 520
481 697
614 356
653 524
623 640
548 45
583 45
516 45
625 45
583 45
541 137
474 117
440 228
440 156
652 137
652 205
695 321
481 356
481 520
481 697
614 356
653 524
623 640
548 45
583 45
516 45
625 45
583 45
541 137
474 117
440 228
440 131
652 137
652 205
695 321
481 356
481 520
481 697
614 356
653 524
623 640
548 45
583 45
516 45
625 45
583 45
541 137
474 137
440 229
440 301
652 137
652 205
695 321
481 356
481 520
481 697
614 356
653 524
623 640
548 45
583 45
516 45
625 45
583 45
541 137
474 137
440 229
440 301
652 137
652 205
695 321
481 356
481 520
481 697
614 356
653 524
623 640
548 45
583 45
516 45
625 45
583 45
541 137
474 137
440 229
440 301
652 137
652 205
695 321
481 356
481 520
481 697
614 356
653 524
623 640
548 45
583 45
516 45
625 45
583 45
541 137
474 137
440 229
440 182
652 155
652 213
695 329
481 356
481 520
481 697
614 356
653 524
623 640
548 45
583 45
516 45
625 45
583 45
541 137
474 137
440 248
396 176
652 155
652 213
695 329
481 356
481 520
481 697
614 356
653 524
623 640
548 45
583 45
516 45
625 45
583 45
541 137
474 137
440 248
396 176
652 155
652 213
695 329
481 356
481 520
481 697
614 356
653 524
623 640
548 45
583 45
516 45
625 45
555 45
555 137
485 137
454 248
367 176
592 155
613 213
656 329
459 356
459 520
459 697
592 356
631 524
631 640
520 45
555 45
488 45
597 45
555 45
555 137
485 137
454 248
367 198
592 137
613 205
656 321
459 356
459 520
459 697
592 356
631 524
631 640
520 45
555 45
488 45
597 45
555 45
555 137
485 137
454 248
367 198
592 137
613 205
656 321
459 356
459 520
459 697
592 356
631 524
601 640
520 45
555 45
488 45
597 45
555 45
555 137
485 137
454 248
367 223
592 137
613 205
656 321
459 356
459 520
459 697
592 356
631 524
601 640
520 45
555 45
488 45
597 45
555 45
555 137
485 137
454 248
323 223
629 137
629 205
672 321
459 356
459 520
459 697
592 356
631 524
601 640
520 45
555 45
488 45
597 45
555 45
555 137
485 137
454 248
323 248
592 137
613 205
656 321
459 356
459 520
459 697
592 356
631 524
601 640
520 45
555 45
488 45
597 45
555 45
555 137
485 137
454 248
323 270
629 137
629 205
672 321
459 356
459 520
459 697
592 356
631 524
601 640
520 45
555 45
488 45
597 45
555 45
555 137
485 137
454 248
323 295
629 137
629 205
672 321
459 356
459 520
459 697
592 356
631 524
601 640
520 45
555 45
488 45
597 45
555 45
555 137
485 137
454 248
367 295
629 137
629 205
672 321
459 356
459 520
459 697
592 356
631 524
601 640
520 45
555 45
488 45
597 45
555 45
555 137
485 137
454 248
367 320
592 137
613 205
656 321
459 356
459 520
459 697
592 356
631 524
601 640
520 45
555 45
488 45
597 45
583 45
541 137
506 137
475 248
388 342
615 137
636 205
679 321
481 356
481 520
481 697
614 356
653 524
623 640
548 45
583 45
516 45
625 45
583 45
541 137
506 137
475 248
388 342
615 137
636 205
679 321
481 356
481 520
481 697
614 356
653 524
623 640
548 45
583 45
516 45
625 45
583 45
541 137
506 137
475 248
388 342
615 137
636 205
679 321
481 356
481 520
481 697
614 356
653 524
623 640
548 45
583 45
516 45
625 45
583 45
541 137
506 154
475 248
431 366
615 137
636 205
679 321
481 356
481 520
481 697
614 356
653 524
623 640
548 45
583 45
516 45
625 45
583 45
541 137
506 137
475 248
431 366
615 137
636 205
679 321
481 356
481 520
481 697
614 356
653 524
623 640
548 45
583 45
516 45
625 45
541 45
541 137
506 154
475 248
475 366
615 137
636 205
679 321
481 356
481 520
481 697
614 356
653 524
623 640
541 45
586 45
509 45
628 45
541 45
541 137
506 154
475 248
475 342
615 137
636 205
679 297
481 356
481 520
481 697
614 356
653 524
623 640
541 45
586 45
509 45
628 45
541 45
541 137
506 154
475 248
475 366
615 137
636 205
679 297
481 356
481 520
481 697
614 356
653 524
623 640
541 45
586 45
509 45
628 45
541 45
541 137
506 154
475 248
475 366
615 137
636 205
679 321
481 356
481 520
481 697
614 356
653 524
623 640
541 45
586 45
509 45
628 45
541 45
541 137
506 154
506 248
465 366
615 137
636 205
679 321
481 356
481 520
481 697
614 356
653 524
623 640
541 45
586 45
509 45
628 45
541 31
541 144
506 144
506 238
465 356
615 126
636 194
679 310
481 345
481 509
481 686
614 345
653 513
623 629
541 31
586 31
509 31
628 31
541 31
541 144
506 144
506 238
465 356
615 126
636 194
679 310
481 345
481 509
481 686
614 345
653 513
623 629
541 31
586 31
509 31
628 31
541 31
541 144
506 144
506 238
465 356
615 126
636 194
679 310
481 345
481 509
481 686
614 345
653 513
623 629
541 31
586 31
509 31
628 31
541 45
541 137
506 154
506 248
465 366
615 137
636 205
679 321
481 356
481 520
481 697
614 356
653 524
623 640
541 45
586 45
509 45
628 45
541 31
541 144
506 144
506 238
465 356
615 126
636 194
679 310
481 345
481 509
481 686
614 345
653 513
623 629
541 31
586 31
509 31
628 31
541 45
541 137
506 154
506 248
465 366
615 137
636 205
679 321
481 356
481 520
481 697
614 356
653 524
623 640
541 45
586 45
509 45
628 45
541 45
541 137
506 154
475 248
475 366
615 137
636 205
679 321
481 356
481 520
481 697
614 356
653 524
623 640
541 45
586 45
509 45
628 45
541 45
541 137
506 154
475 248
475 366
615 137
636 205
679 321
481 356
481 520
481 697
614 356
653 524
623 640
541 45
586 45
509 45
628 45
541 45
541 137
506 154
475 248
431 366
615 137
636 205
679 321
481 356
481 520
481 697
614 356
653 524
623 640
541 45
586 45
509 45
628 45
541 45
541 137
506 154
475 248
431 366
615 137
636 205
679 321
481 356
481 520
481 697
614 356
653 524
623 640
541 45
586 45
509 45
628 45
541 45
541 137
506 154
475 248
475 366
615 137
636 205
679 321
481 356
481 520
481 697
614 356
653 524
623 640
541 45
586 45
509 45
628 45
541 45
541 137
506 137
475 248
431 366
615 137
636 205
679 321
481 356
481 520
481 697
614 356
653 524
653 640
541 45
586 45
509 45
628 45
513 45
555 137
485 137
454 248
410 366
592 137
613 205
656 321
459 356
459 520
459 697
592 356
631 524
631 640
513 45
558 45
481 45
600 45
513 45
555 137
485 137
454 248
410 366
592 137
613 205
656 321
459 356
459 520
459 697
592 356
631 524
631 640
513 45
558 45
481 45
600 45
513 45
555 137
485 137
454 248
410 366
592 137
613 205
656 321
459 356
459 520
459 697
592 356
631 524
601 640
513 45
558 45
481 45
600 45
555 45
555 137
485 137
454 248
410 366
592 137
613 205
656 321
459 356
459 520
459 697
592 356
631 524
631 640
520 45
555 45
488 45
597 45
555 45
555 137
485 137
454 248
410 366
592 137
613 205
656 321
459 356
459 520
459 697
592 356
631 524
631 640
520 45
555 45
488 45
597 45
555 45
555 137
485 137
454 248
410 366
592 137
613 205
656 321
459 356
459 520
459 697
592 356
631 524
631 640
520 45
555 45
488 45
597 45
555 45
555 137
485 137
454 248
410 366
592 137
613 205
656 321
459 356
459 520
459 697
592 356
631 524
631 640
520 45
555 45
488 45
597 45
555 45
555 137
485 137
454 248
410 366
592 137
613 205
656 321
459 356
459 520
459 697
592 356
631 524
601 640
520 45
555 45
488 45
597 45
555 45
555 137
485 137
454 248
410 366
592 137
613 205
656 321
459 356
459 520
459 697
592 356
631 524
631 640
520 45
555 45
488 45
597 45
555 45
555 137
485 137
454 248
410 366
592 137
613 205
656 321
459 356
459 520
459 697
592 356
631 524
631 640
520 45
555 45
488 45
597 45
555 45
555 137
485 137
454 248
410 366
592 137
613 205
656 345
459 356
459 520
459 697
592 356
631 524
631 640
520 45
555 45
488 45
597 45
555 45
555 137
485 137
454 248
454 366
592 137
613 205
656 321
459 356
459 520
459 697
592 356
631 524
631 640
520 45
555 45
488 45
597 45
555 45
555 137
485 137
454 248
454 366
592 137
613 205
656 321
459 356
459 520
459 697
592 356
631 524
631 640
520 45
555 45
488 45
597 45
555 45
555 137
485 137
454 248
454 366
592 137
613 205
656 321
459 356
459 520
459 697
592 356
631 524
631 640
520 45
555 45
488 45
597 45
555 45
555 137
485 137
454 248
454 366
592 155
613 213
656 329
459 356
459 520
459 697
592 356
631 524
601 640
520 45
555 45
488 45
597 45
555 45
555 137
485 154
485 248
444 366
592 155
613 213
656 329
459 356
459 520
459 697
592 356
631 524
601 640
520 45
555 45
488 45
597 45
555 31
555 144
485 144
485 238
485 332
592 144
613 202
656 318
459 345
459 509
459 686
592 345
631 513
631 629
520 31
555 31
488 31
597 31
555 45
555 137
485 154
485 248
444 342
592 155
613 213
613 329
459 356
459 520
459 697
592 356
631 524
601 640
520 45
555 45
488 45
597 45
555 31
555 144
485 127
485 238
444 332
629 144
629 202
629 318
459 345
459 509
459 686
592 345
592 513
592 629
520 31
555 31
488 31
597 31
555 31
555 144
485 127
485 238
444 356
629 144
629 202
629 318
459 345
459 509
459 686
592 345
592 513
622 629
520 31
555 31
520 31
597 31
555 55
555 144
485 144
485 238
444 356
629 144
629 202
629 318
459 345
459 509
459 686
592 345
631 513
631 629
520 35
555 29
520 35
597 29
555 31
555 144
485 144
485 238
444 356
629 144
629 202
629 318
459 345
459 509
459 686
592 345
631 513
631 629
520 31
555 31
520 31
597 31
555 31
555 144
485 127
485 238
444 356
629 144
629 202
629 318
459 345
459 509
459 686
592 345
631 513
601 629
520 31
600 31
520 31
600 31
555 31
555 144
485 144
485 238
444 356
629 144
629 202
629 318
459 345
459 509
459 686
592 345
631 513
631 629
520 31
600 31
520 31
600 31
555 31
555 144
485 127
485 238
444 356
629 144
629 202
629 318
459 345
459 509
459 686
592 345
631 513
631 629
520 31
600 31
520 31
600 31
555 45
555 137
485 137
485 248
444 366
629 155
629 213
672 329
503 356
465 520
465 697
592 356
631 524
601 640
520 45
600 45
520 45
600 45
555 45
555 137
485 137
485 248
444 366
629 155
629 213
629 329
503 356
465 520
465 697
592 356
631 524
631 640
520 45
600 45
520 45
600 45
555 31
555 144
485 144
485 238
444 356
629 144
629 202
629 318
503 345
465 509
465 686
592 345
631 513
631 629
555 31
600 31
523 31
600 31
555 45
555 137
485 137
485 248
444 366
629 137
629 205
629 321
503 356
465 520
465 697
592 356
631 524
631 640
555 45
600 45
523 45
600 45
555 45
555 137
485 137
485 248
444 366
629 155
629 213
672 329
503 356
465 520
465 697
592 356
631 524
631 640
555 45
600 45
523 45
600 45
555 45
555 137
485 137
485 248
444 366
629 155
629 213
672 329
503 356
465 520
465 697
592 356
631 524
631 640
555 45
600 45
523 45
600 45
555 31
555 144
485 127
485 238
444 356
629 144
629 202
672 318
503 345
465 509
465 686
592 345
631 513
631 629
555 31
600 31
523 31
600 31
555 45
555 137
485 137
485 248
444 366
629 155
629 213
672 329
503 356
465 520
465 697
592 356
631 524
601 640
555 45
600 45
523 45
642 45
555 45
555 137
485 137
485 248
444 366
629 155
650 213
650 329
495 356
457 520
457 697
628 356
628 524
628 640
555 45
600 45
523 45
642 45
555 45
555 137
485 137
485 248
444 366
629 137
650 205
650 321
495 356
457 520
457 697
628 356
628 524
628 640
555 45
600 45
523 45
642 45
569 69
569 137
499 137
465 248
424 366
606 155
627 213
627 329
473 356
435 520
435 697
606 356
606 524
606 640
534 49
569 43
502 49
611 43
569 55
569 144
499 127
465 238
465 356
643 144
643 202
643 342
473 345
435 509
435 686
606 345
606 513
606 629
534 35
569 29
534 35
611 29
569 45
569 137
499 137
465 248
465 366
643 155
643 213
643 329
473 356
435 520
435 697
606 356
606 524
606 640
534 45
614 45
534 45
614 45
569 45
569 137
499 137
465 229
465 372
643 137
643 205
643 345
473 356
435 520
435 697
606 356
606 524
606 640
569 45
614 45
537 45
614 45
569 69
569 137
499 137
499 229
455 372
643 155
643 213
643 329
473 356
473 520
427 697
606 356
606 524
606 640
569 49
614 43
537 49
656 43
569 45
569 137
499 137
499 229
455 372
643 155
643 213
643 329
473 356
473 520
427 697
606 356
606 524
606 640
569 45
614 45
537 45
656 45
569 45
569 137
499 137
499 248
455 366
643 137
643 205
643 321
517 356
479 520
433 697
606 356
606 524
606 640
569 45
614 45
537 45
656 45
611 45
569 137
499 137
499 229
499 347
643 137
664 205
664 345
517 356
479 520
433 697
606 356
606 524
606 640
576 45
611 45
544 45
653 45
611 45
569 137
499 137
499 229
499 347
643 137
664 205
664 321
509 356
471 520
425 697
642 356
603 524
603 640
576 45
611 45
544 45
653 45
611 45
569 137
499 137
499 248
455 366
643 137
664 205
664 345
509 356
471 520
425 697
642 356
603 524
603 640
576 45
656 45
544 45
656 45
583 45
583 137
513 137
479 229
479 347
620 137
641 205
641 321
487 356
449 520
403 697
620 356
581 524
581 640
548 45
628 45
548 45
628 45
583 45
583 137
513 137
479 229
479 347
657 155
657 213
657 329
487 356
449 520
403 697
620 356
581 524
581 640
548 45
628 45
548 45
628 45
583 45
583 137
513 137
479 229
479 347
657 155
657 213
657 329
487 356
449 520
403 697
620 356
581 524
581 640
583 45
628 45
551 45
628 45
583 69
583 137
513 137
479 229
479 347
657 155
657 213
657 329
487 356
449 520
403 697
620 356
581 524
581 640
583 49
628 43
551 49
628 43
583 45
583 137
513 137
479 229
479 347
657 137
657 205
657 321
487 356
449 520
403 697
620 356
581 524
581 640
583 45
628 45
551 45
670 45
583 45
583 137
513 137
479 229
479 347
657 155
657 213
657 329
487 356
449 499
449 702
620 356
581 524
581 640
583 45
628 45
551 45
670 45
583 45
583 137
513 137
479 229
479 347
657 155
657 213
657 329
487 356
487 520
441 697
620 356
581 524
581 640
583 45
628 45
551 45
670 45
583 45
583 137
513 137
479 248
479 342
657 155
657 213
657 329
487 356
487 520
441 697
620 356
581 524
581 640
583 45
628 45
551 45
670 45
