348 60
348 92
333 92
316 138
302 177
400 92
416 135
429 171
343 176
343 237
343 295
379 176
379 235
392 284
348 53
360 54
337 59
373 61
348 60
348 92
333 92
316 138
302 177
400 92
416 135
429 171
343 176
343 237
343 295
379 176
379 235
392 284
348 53
360 54
337 59
373 61
348 60
348 92
333 92
316 138
302 177
400 92
416 135
429 171
343 176
343 237
343 295
379 176
379 235
392 284
348 53
360 54
337 59
373 61
348 60
348 92
333 92
316 138
302 177
400 92
416 135
429 171
343 176
343 237
343 295
379 176
379 235
392 284
348 53
360 54
337 59
373 61
348 60
348 92
333 92
316 138
302 177
400 92
416 135
429 171
343 176
343 237
343 295
379 176
379 235
392 284
348 53
360 54
337 59
373 61
348 60
348 92
333 92
316 138
302 177
400 92
416 135
429 171
343 176
343 237
343 295
379 176
379 235
392 284
348 53
360 54
337 59
373 61
348 60
348 92
333 92
316 138
302 177
400 92
416 135
429 171
343 176
343 237
343 295
379 176
379 235
392 284
348 53
360 54
337 59
373 61
348 60
348 92
333 92
316 138
302 177
400 92
416 135
429 171
343 176
343 237
343 295
379 176
379 235
392 284
348 53
360 54
337 59
373 61
348 60
348 92
333 92
316 138
302 177
400 92
416 135
429 171
343 176
343 237
343 295
379 176
379 235
392 284
348 53
360 54
337 59
373 61
348 60
348 92
333 92
316 138
302 177
400 92
416 135
429 171
343 176
343 237
343 295
379 176
379 235
392 284
348 53
360 54
337 59
373 61
348 60
348 92
333 92
316 138
302 177
400 92
416 135
429 171
343 176
343 237
343 295
379 176
379 235
392 284
348 53
360 54
337 59
373 61
348 60
348 92
333 92
316 138
302 177
400 92
416 135
429 171
343 176
343 237
343 295
379 176
379 235
392 284
348 53
360 54
337 59
373 61
348 60
348 92
333 92
316 138
302 177
400 92
416 135
429 171
343 176
343 237
343 295
379 176
379 235
392 284
348 53
360 54
337 59
373 61
348 60
348 92
333 92
316 138
302 177
400 92
416 135
429 171
343 176
343 237
343 295
379 176
379 235
392 284
348 53
360 54
337 59
373 61
348 60
348 92
333 92
316 138
302 177
400 92
416 135
429 171
343 176
343 237
343 295
379 176
379 235
392 284
348 53
360 54
337 59
373 61
348 60
348 92
333 92
316 138
302 177
400 92
416 135
429 171
343 176
343 237
343 295
379 176
379 235
392 284
348 53
360 54
337 59
373 61
348 60
348 92
333 92
316 138
302 177
400 92
416 135
429 171
343 176
343 237
343 295
379 176
379 235
392 284
348 53
360 54
337 59
373 61
348 60
348 92
333 92
316 138
302 177
400 92
416 135
429 171
343 176
343 237
343 295
379 176
379 235
392 284
348 53
360 54
337 59
373 61
348 60
348 92
333 92
316 138
302 177
400 92
416 135
429 171
343 176
343 237
343 295
379 176
379 235
392 284
348 53
360 54
337 59
373 61
348 60
348 92
333 92
316 138
302 177
400 92
416 135
429 171
343 176
343 237
343 295
379 176
379 235
392 284
348 53
360 54
337 59
373 61
348 60
348 92
333 92
316 138
302 177
400 92
416 135
429 171
343 176
343 246
343 296
379 176
379 235
392 284
348 53
360 54
337 59
373 61
348 60
348 92
333 92
316 138
302 177
400 92
416 135
429 171
343 176
343 246
343 296
379 176
379 235
392 284
348 53
360 54
337 59
373 61
348 60
348 92
333 92
316 138
302 177
400 92
416 135
429 171
343 176
343 246
343 296
379 176
379 235
392 291
348 53
360 54
337 59
373 61
348 60
348 92
333 92
316 138
302 177
400 92
416 135
429 171
343 176
343 246
343 296
379 176
379 235
392 291
348 60
360 54
337 60
373 61
348 60
348 92
333 92
316 138
288 177
400 92
416 135
429 171
343 176
343 246
343 296
379 176
379 235
392 291
348 60
360 60
337 60
373 60
348 60
348 92
333 92
316 138
288 177
400 92
416 135
442 171
343 176
343 246
343 296
379 176
379 244
392 292
348 60
360 60
337 60
373 60
348 60
348 92
333 92
316 138
288 177
400 92
416 135
442 171
343 176
343 246
343 296
379 176
379 244
392 292
348 60
360 60
337 60
373 60
347 60
362 92
332 92
315 138
287 177
388 92
404 135
430 171
341 184
341 246
341 296
377 184
377 244
390 292
347 60
359 60
336 60
372 60
347 68
362 100
332 100
315 136
287 175
388 100
404 134
430 170
341 183
341 245
341 295
377 183
393 243
393 291
347 60
359 61
336 60
372 61
347 68
362 100
332 100
298 136
284 175
388 100
419 143
432 172
341 183
341 245
341 295
377 183
393 243
393 291
347 60
359 61
336 67
372 69
347 68
362 100
332 100
298 146
284 177
388 100
419 143
432 172
341 183
341 245
341 295
377 183
393 243
393 291
347 60
359 61
336 67
372 69
347 68
362 100
332 100
298 146
270 177
388 100
419 143
445 172
341 183
341 245
341 295
377 183
393 243
393 291
347 60
359 61
336 67
372 69
347 68
362 100
332 100
298 146
270 177
388 100
419 143
445 172
341 183
341 245
341 295
377 183
393 243
393 291
347 68
359 68
336 68
372 68
347 68
362 100
332 100
298 146
270 169
388 100
419 143
445 172
341 183
341 245
341 295
377 183
393 243
393 291
347 68
359 68
336 68
372 68
347 68
362 100
332 100
298 146
270 169
388 100
419 143
445 172
341 183
341 245
341 295
377 183
393 243
393 291
347 68
359 68
336 68
372 68
347 76
362 107
332 107
298 144
270 167
388 107
419 142
445 163
341 191
341 244
341 294
377 191
393 242
393 290
347 68
359 69
336 75
372 77
347 76
362 107
332 107
298 144
270 167
388 107
404 133
443 162
341 191
341 252
341 295
377 191
393 242
393 290
347 68
359 69
336 75
372 77
347 76
362 107
332 107
298 144
270 167
388 107
419 142
458 163
341 191
341 252
341 295
377 191
393 242
393 290
347 68
359 69
336 75
372 77
347 76
362 107
332 107
298 144
256 167
388 107
419 142
458 163
341 191
341 252
341 295
377 191
393 242
393 290
347 76
359 76
336 76
372 76
347 76
362 107
332 107
298 144
256 167
388 107
435 142
461 163
341 191
341 252
341 295
377 191
393 242
393 290
347 76
359 76
336 76
372 76
347 83
362 115
332 115
298 143
256 166
388 100
435 135
474 156
341 190
341 251
341 294
377 190
393 249
393 291
347 76
359 77
336 82
372 84
347 83
362 115
332 115
298 143
256 166
388 115
435 141
474 162
341 198
341 251
341 294
377 198
393 249
393 291
347 76
359 77
336 82
372 84
347 83
362 115
332 115
298 143
256 166
388 115
435 141
474 162
341 198
341 251
341 294
377 198
393 249
393 291
347 83
359 83
336 83
372 83
347 83
362 115
332 115
298 143
256 166
388 115
435 141
474 155
341 198
341 251
341 294
377 198
393 249
393 291
347 83
359 83
336 83
372 83
347 91
362 123
332 123
298 141
256 164
388 123
435 140
474 154
341 197
341 250
341 293
377 197
393 248
393 290
347 83
359 84
336 90
372 92
347 91
362 123
332 123
298 141
256 164
388 123
435 140
474 154
341 197
341 250
341 293
377 197
393 248
393 290
347 83
359 84
336 90
372 92
347 91
362 123
332 123
281 151
239 166
388 123
435 149
474 155
341 197
341 250
341 293
377 197
393 248
393 290
347 91
359 91
336 91
372 91
347 91
362 123
332 123
281 151
239 166
388 123
435 149
474 155
341 204
341 257
341 293
377 197
393 248
393 290
347 91
359 91
336 91
372 91
347 99
362 123
332 123
281 151
239 166
388 123
435 149
474 155
341 206
341 259
341 295
377 206
393 249
393 291
347 91
359 92
336 91
372 100
347 99
362 130
332 130
281 149
239 164
388 130
435 148
474 154
341 205
341 258
341 294
377 205
393 256
393 291
347 91
359 92
336 98
372 100
347 99
362 130
332 130
281 149
239 164
388 130
435 148
474 154
341 205
341 258
341 294
377 205
393 256
393 291
347 91
359 92
336 98
372 100
347 99
362 130
332 130
281 149
239 164
388 130
435 148
474 154
341 205
341 258
341 294
377 205
393 256
393 291
347 99
359 99
336 99
372 99
347 99
362 130
332 130
281 158
239 166
388 130
435 148
474 154
341 205
341 258
341 294
377 205
393 256
393 291
347 99
359 99
336 99
372 99
347 106
362 130
332 130
281 158
239 166
388 130
435 148
474 162
341 205
341 258
341 294
377 205
393 256
393 291
347 99
359 100
336 105
372 107
347 106
362 138
332 138
281 156
239 164
388 123
435 141
474 155
341 205
341 258
341 294
377 205
393 256
393 291
347 99
359 100
336 105
372 107
347 106
362 138
332 138
281 156
239 164
388 123
435 149
474 156
341 212
341 256
341 292
377 205
393 256
393 291
347 99
359 100
336 105
372 107
347 106
362 138
332 138
281 156
239 164
388 138
435 155
474 162
341 213
341 257
341 293
377 213
393 256
393 291
347 106
359 106
336 106
372 106
347 106
362 138
332 138
281 156
239 164
388 138
435 155
474 162
341 213
341 257
341 293
377 213
393 256
393 291
347 106
359 106
336 106
372 106
347 114
362 138
332 138
281 156
239 164
414 138
445 155
484 162
341 213
341 257
341 293
377 213
393 256
393 291
347 106
359 107
336 106
372 107
347 114
362 138
332 138
281 156
239 164
414 138
445 155
484 162
341 213
341 257
341 293
377 213
393 256
393 291
347 106
359 107
336 113
372 115
347 114
362 138
332 147
281 165
239 165
388 138
435 155
474 170
341 213
341 257
341 293
377 213
393 256
393 291
347 106
359 107
336 113
372 115
347 114
362 146
332 146
281 164
239 164
388 131
435 157
474 164
341 213
341 257
341 293
377 213
393 256
393 291
347 114
359 114
336 114
372 114
347 114
362 146
332 146
281 164
239 172
414 146
445 163
484 170
341 213
341 257
341 293
377 213
393 256
393 291
347 114
359 114
336 114
372 114
362 122
362 146
332 146
281 164
239 172
414 146
445 163
484 170
341 213
341 257
341 293
377 213
393 256
393 291
348 114
362 115
337 114
375 115
347 122
362 146
332 146
281 164
239 172
414 146
445 163
484 170
341 213
341 257
341 293
377 213
393 256
393 291
347 114
359 115
336 121
372 123
347 122
362 146
332 146
281 164
239 172
388 146
435 163
474 170
341 213
341 266
341 294
377 213
393 256
393 291
347 122
359 122
336 122
372 122
347 122
362 146
332 154
281 173
239 173
388 146
435 172
474 178
341 220
341 265
341 293
377 220
393 255
393 290
347 122
359 122
336 122
372 122
347 122
362 153
332 153
281 172
239 172
414 153
445 171
484 177
341 220
341 265
341 293
377 220
393 255
393 290
347 122
359 122
336 122
372 122
347 129
362 153
332 153
281 172
239 179
388 153
435 171
474 177
341 220
341 265
341 293
377 220
393 255
393 290
347 122
359 123
336 128
372 130
347 129
362 153
332 153
281 172
239 179
388 153
435 171
474 177
341 220
341 265
341 293
377 220
393 255
393 290
347 122
359 123
336 128
372 130
347 129
362 153
332 153
281 172
239 179
388 153
435 171
474 177
341 220
341 265
341 293
377 220
393 255
393 290
347 129
359 129
336 129
372 129
348 129
348 153
333 162
282 180
240 188
400 153
447 171
486 177
343 220
343 265
343 293
379 220
395 255
395 290
348 129
360 129
337 129
373 129
348 129
348 161
333 161
282 179
240 187
400 146
447 164
486 170
343 219
343 264
343 292
379 219
395 254
395 289
348 129
360 129
337 129
373 129
348 137
348 161
333 161
282 179
240 187
400 161
447 178
486 185
343 226
343 262
343 290
379 219
395 254
395 289
348 129
360 130
337 136
373 138
348 137
348 161
333 161
282 179
240 187
400 161
447 178
486 185
343 226
343 262
343 290
379 219
395 254
395 289
348 129
360 130
337 136
373 138
347 137
362 161
332 161
281 179
239 187
388 161
435 178
474 185
341 226
341 262
341 290
377 219
393 263
393 290
347 137
359 137
336 137
372 137
347 137
362 161
332 161
281 179
239 194
388 161
435 178
474 185
341 226
341 262
341 290
377 219
393 263
393 290
347 137
359 137
336 137
372 137
347 137
362 161
332 161
281 179
239 194
388 161
435 178
474 185
341 219
341 264
341 292
377 219
393 263
393 290
347 137
359 137
336 137
372 137
347 137
362 161
332 161
281 179
239 194
388 161
435 178
474 185
341 226
341 262
341 290
377 219
393 254
393 289
347 137
359 137
336 137
372 137
347 137
362 161
332 161
281 179
239 194
388 161
435 178
474 185
341 219
341 264
341 292
377 219
393 254
393 289
347 137
359 130
336 137
372 138
347 137
362 161
332 161
281 179
239 194
388 161
435 178
474 185
341 219
341 264
341 292
377 219
393 254
393 289
347 129
359 130
336 136
372 138
347 129
362 161
332 161
281 179
239 187
388 146
435 164
474 178
341 219
341 264
341 292
377 219
393 254
393 289
347 129
359 129
336 129
372 129
347 129
362 153
332 162
281 180
239 188
388 153
435 171
474 185
341 220
341 265
341 293
377 220
393 255
393 290
347 129
359 129
336 129
372 129
348 129
348 153
333 153
282 181
240 189
400 153
447 171
486 177
343 220
343 265
343 293
379 220
395 255
395 290
348 122
360 123
337 128
373 130
347 122
362 153
332 153
281 172
239 187
388 153
435 171
474 177
341 220
341 265
341 293
377 220
393 255
393 290
347 122
359 122
336 122
372 122
348 122
348 146
333 154
282 173
240 180
400 146
447 163
486 177
343 213
343 266
343 294
379 213
395 256
395 291
348 114
360 115
337 121
373 123
348 122
348 146
333 146
282 174
240 181
400 146
447 163
486 177
343 213
343 257
343 293
379 213
395 256
395 291
348 114
360 115
337 114
373 115
348 114
348 146
333 146
282 164
240 179
400 131
447 157
486 164
343 213
343 257
343 293
379 213
395 256
395 291
348 106
360 107
337 113
373 115
347 106
362 138
332 138
281 166
253 174
388 138
435 155
474 170
341 205
341 258
341 294
377 205
393 256
393 291
347 106
359 106
336 113
372 106
348 106
348 138
333 138
299 156
257 172
400 123
447 149
486 164
343 205
343 258
343 294
379 205
395 256
395 291
348 99
360 100
337 105
373 107
347 99
362 130
332 130
281 158
253 166
388 130
419 148
471 162
341 205
341 258
341 294
377 205
393 256
393 291
347 99
359 99
336 99
372 99
348 99
348 130
333 130
282 149
240 164
400 130
431 148
483 162
343 205
343 258
343 294
379 205
395 256
395 291
348 91
360 92
337 98
373 100
348 91
348 123
333 123
299 151
257 166
400 123
447 149
486 163
343 197
343 259
343 295
379 197
395 257
395 292
348 91
360 91
337 91
373 91
347 91
362 123
332 123
298 151
256 166
388 123
435 140
474 154
341 197
341 259
341 295
377 197
393 257
393 292
347 83
359 84
336 90
372 92
348 83
348 115
333 115
299 143
257 166
400 115
431 141
483 155
343 198
343 251
343 294
379 198
395 249
395 291
348 83
360 83
337 83
373 83
348 83
348 115
333 115
299 143
257 166
400 115
431 141
470 155
343 198
343 251
343 294
379 198
395 249
395 291
348 76
360 77
337 82
373 84
348 83
348 107
333 107
299 144
257 167
400 107
431 142
470 156
343 191
343 252
343 295
379 191
395 250
395 292
348 76
360 77
337 82
373 84
348 76
348 107
333 107
299 144
257 167
400 107
431 133
470 154
343 191
343 252
343 295
379 191
395 250
395 292
348 76
360 76
337 76
373 76
347 76
362 107
332 107
298 144
256 159
388 107
419 133
458 154
341 191
341 252
341 295
377 191
393 242
393 290
347 68
359 69
336 75
372 77
348 68
348 100
333 100
299 136
271 159
400 100
431 134
470 155
343 192
343 253
343 296
379 192
395 243
395 291
348 68
360 68
337 68
373 68
348 68
348 100
333 100
299 136
271 159
400 100
431 134
470 163
343 183
343 245
343 295
379 183
395 243
395 291
348 68
360 68
337 68
373 68
348 68
348 100
333 100
299 136
271 159
400 100
431 134
457 155
343 183
343 245
343 295
379 183
395 243
395 291
348 60
360 61
337 67
373 69
348 68
348 100
333 100
299 136
271 159
400 100
431 134
457 163
343 183
343 245
343 295
379 183
395 243
395 291
348 60
360 61
337 67
373 61
348 60
348 92
333 92
299 138
271 169
400 92
431 135
457 164
343 184
343 246
343 296
379 184
395 244
395 292
348 60
360 60
337 60
373 60
348 60
348 92
333 92
299 138
271 169
400 92
431 135
457 164
343 184
343 246
343 296
379 184
395 244
395 292
348 60
360 60
337 60
373 60
348 60
348 92
333 92
299 138
271 169
400 92
431 127
457 162
343 178
343 248
343 298
379 184
395 244
395 292
348 53
360 54
337 59
373 61
348 60
348 92
333 92
299 138
285 169
400 92
431 127
457 162
343 176
343 246
343 296
379 176
379 244
392 292
348 53
360 54
337 59
373 61
348 60
348 92
333 92
316 138
288 169
400 92
431 127
444 162
343 176
343 246
343 296
379 176
379 244
392 292
348 53
360 54
337 59
373 61
348 60
348 92
333 92
316 138
288 169
400 92
431 127
444 162
343 176
343 246
343 296
379 176
379 235
392 291
348 53
360 54
337 59
373 61
348 60
348 92
333 92
316 138
288 169
400 92
431 135
444 164
343 176
343 246
343 296
379 176
379 235
392 291
348 53
360 54
337 59
373 54
348 60
348 92
333 92
316 138
288 177
400 92
416 127
442 162
343 176
343 246
343 296
379 176
379 235
392 291
348 53
360 54
337 59
373 54
348 60
348 92
333 92
316 138
288 177
400 92
416 127
442 162
343 176
343 246
343 296
379 176
379 235
392 291
348 53
360 54
337 59
373 54
348 60
348 92
333 92
316 138
302 177
400 92
416 135
442 164
343 176
343 237
343 295
379 176
379 235
392 291
348 53
360 54
337 59
373 54
348 60
348 92
333 92
316 138
302 177
400 92
416 135
442 164
343 176
343 237
343 295
379 176
379 235
392 291
348 53
360 54
337 53
373 54
348 60
348 92
333 92
316 138
302 177
400 92
416 135
442 164
343 176
343 237
343 295
379 176
379 235
392 291
348 53
360 54
337 53
373 54
348 60
348 92
333 92
316 138
302 177
400 92
416 135
429 164
343 176
343 237
343 295
379 176
379 235
392 291
348 53
360 54
337 59
373 54
347 60
362 92
332 92
315 138
301 177
388 92
404 135
417 164
341 176
341 237
341 295
377 176
377 235
390 291
347 53
359 54
336 59
372 54
347 60
362 92
332 92
315 138
301 177
388 92
404 135
417 171
341 176
341 237
341 295
377 176
377 235
390 291
347 53
359 54
336 59
372 54
347 60
362 92
332 92
315 138
301 177
388 92
404 135
417 164
341 176
341 237
341 288
377 176
377 235
390 291
347 53
359 54
336 59
372 54
347 52
362 92
332 92
315 138
315 177
388 92
404 135
417 171
341 176
341 237
341 288
377 176
377 235
390 284
347 52
359 52
336 52
372 52
347 52
362 92
332 92
315 138
315 177
388 92
404 135
417 171
341 176
341 237
341 295
377 176
377 235
390 284
347 52
359 52
336 52
372 52
347 52
362 92
332 92
315 138
315 177
388 92
404 135
417 171
341 176
341 237
341 295
377 176
393 235
393 284
347 52
359 52
336 52
372 52
347 60
362 92
332 92
315 138
315 177
388 92
404 135
417 171
341 176
341 237
341 295
377 176
377 235
390 284
347 53
359 54
336 53
372 54
347 60
362 92
332 92
315 138
315 177
388 92
404 135
417 171
341 176
341 237
341 295
377 176
377 235
390 284
347 53
359 54
336 53
372 54
347 60
362 92
332 92
315 138
315 177
388 92
404 135
417 171
341 176
341 237
341 295
377 176
377 235
390 284
347 53
359 54
336 59
372 54
362 60
362 92
332 92
315 138
315 177
388 92
404 135
417 171
341 176
341 237
341 295
377 176
377 235
390 284
348 53
362 54
337 59
375 54
362 60
362 92
332 92
315 138
315 177
388 92
404 135
417 171
341 176
341 237
341 295
377 176
377 235
390 284
348 53
362 54
337 59
375 54
362 60
362 92
332 92
315 138
315 177
388 92
404 135
404 171
341 176
341 237
341 295
377 176
377 235
390 284
348 53
362 54
337 59
375 61
362 60
362 92
332 92
315 138
315 177
388 92
404 135
404 171
341 176
341 237
341 295
377 176
393 235
393 284
348 53
362 54
337 59
375 61
362 60
362 92
332 92
315 138
315 177
388 92
404 135
404 171
341 176
341 237
341 295
377 176
393 235
393 284
348 53
362 54
337 59
375 61
362 60
362 92
332 92
332 138
318 177
388 92
404 135
404 171
341 176
341 237
341 295
377 176
377 235
390 284
348 53
362 54
337 59
375 61
362 60
362 92
332 92
332 138
318 177
388 92
404 135
404 171
341 176
341 237
341 295
377 176
377 235
390 284
348 53
362 54
337 59
375 61
362 60
362 92
332 92
315 138
315 177
388 92
404 135
404 171
341 176
341 237
341 295
377 176
377 235
390 284
348 53
362 54
337 59
375 61
362 60
362 92
332 92
315 138
315 177
388 92
404 135
404 171
341 176
341 237
341 295
377 176
377 235
390 284
348 53
362 54
337 59
375 61
362 60
362 92
332 92
315 138
315 177
388 92
404 135
404 171
341 176
341 237
341 295
377 176
377 235
390 284
348 53
362 54
337 59
375 54
362 60
362 92
332 92
315 138
315 177
388 92
404 135
417 171
341 176
341 237
341 295
377 176
377 235
390 284
348 53
362 54
337 59
375 54
362 60
362 92
332 92
315 138
315 177
388 92
404 135
404 171
341 176
341 246
341 296
377 176
377 235
390 284
348 53
362 54
337 59
375 54
347 60
362 92
332 92
315 138
315 177
388 92
404 135
404 171
341 176
341 246
341 296
377 176
377 235
390 284
347 53
359 54
336 59
372 54
347 60
362 92
332 92
315 138
315 177
388 92
404 135
404 171
341 176
341 246
341 296
377 176
377 235
390 284
347 53
359 54
336 59
372 54
347 60
362 92
332 92
315 138
315 177
388 92
404 135
404 171
341 176
341 237
341 295
377 176
377 235
390 284
347 53
359 54
336 59
372 61
347 60
362 92
332 92
315 138
315 177
388 92
404 135
404 171
341 176
341 237
341 295
377 176
377 235
390 284
347 53
359 54
336 59
372 61
347 60
362 92
332 92
315 138
315 177
388 92
404 135
404 171
341 176
341 237
341 295
377 176
377 235
390 284
347 53
359 54
336 59
372 61
347 60
362 92
332 92
315 138
315 177
388 92
404 135
404 171
341 176
341 237
341 295
377 176
377 235
390 284
347 53
359 54
336 59
372 61
347 60
362 92
332 92
315 138
315 177
388 92
404 135
404 171
341 176
341 237
341 288
377 176
377 235
390 284
347 53
359 54
336 59
372 61
347 60
362 92
332 92
315 138
315 177
388 92
404 135
404 171
341 176
341 237
341 295
377 176
377 235
390 284
347 53
359 54
336 59
372 61
347 60
362 92
332 92
315 138
315 177
388 92
404 135
404 171
341 176
341 237
341 295
377 176
377 235
390 284
347 53
359 54
336 59
372 61
347 60
362 92
332 92
315 138
315 177
388 92
404 135
404 171
341 176
341 237
341 295
377 176
377 235
390 284
347 53
359 54
336 59
372 61
348 60
348 92
333 92
316 138
316 177
400 92
416 135
416 171
343 176
343 237
343 295
379 176
379 235
392 284
348 53
360 54
337 59
373 61
347 60
362 92
332 92
315 138
315 177
388 92
404 135
404 171
341 176
341 237
341 295
377 176
377 235
390 284
347 53
359 54
336 59
372 61
348 60
348 92
333 92
316 138
316 177
400 92
416 135
416 171
343 176
343 237
343 295
379 176
379 235
392 284
348 53
360 54
337 59
373 61
348 60
348 92
333 92
316 138
316 177
400 92
416 135
416 171
343 176
343 237
343 295
379 176
379 235
392 284
348 53
360 54
337 59
373 61
348 60
348 92
333 92
316 138
316 177
400 92
416 135
416 171
343 176
343 237
343 295
379 176
379 235
392 284
348 53
360 54
337 59
373 61
348 60
348 92
333 92
316 138
316 177
400 92
416 135
416 171
343 176
343 237
343 295
379 176
379 235
392 284
348 53
360 54
337 59
373 61
348 60
348 92
333 92
316 138
316 177
400 92
416 135
416 171
343 176
343 237
343 288
379 176
379 235
392 284
348 53
360 54
337 59
373 61
348 60
348 92
333 92
316 138
316 177
400 92
416 135
416 171
343 176
343 237
343 288
379 176
379 235
392 284
348 53
360 54
337 59
373 61
348 60
348 92
333 92
316 138
316 177
400 92
416 135
416 171
343 176
343 237
343 288
379 176
379 235
392 284
348 53
360 54
337 59
373 61
348 60
348 92
333 92
316 138
316 177
400 92
416 135
416 171
343 176
343 237
343 288
379 176
379 235
392 284
348 53
360 54
337 59
373 61
348 60
348 92
333 92
316 138
316 177
400 92
416 135
416 171
343 176
343 237
343 288
379 176
379 235
392 284
348 53
360 54
337 59
373 61
348 60
348 92
333 92
316 138
316 177
400 92
416 135
416 171
343 176
343 237
343 288
379 176
379 235
392 284
348 53
360 54
337 59
373 61
348 60
348 92
333 92
316 138
316 177
400 92
416 135
416 171
343 176
343 237
343 288
379 176
379 235
392 284
348 53
360 54
337 59
373 61
348 60
348 92
333 92
316 138
316 177
400 92
416 135
416 171
343 176
343 237
343 288
379 176
379 235
392 284
348 53
360 54
337 59
373 61
348 60
348 92
333 92
316 138
316 177
400 92
416 135
416 171
343 176
343 237
343 288
379 176
379 235
392 284
348 53
360 54
337 59
373 61
348 60
348 92
333 92
316 138
316 177
400 92
416 135
416 171
343 176
343 237
343 288
379 176
379 235
392 284
348 53
360 54
337 59
373 61
348 60
348 92
333 92
316 138
316 177
400 92
416 135
416 171
343 176
343 237
343 288
379 176
379 235
392 284
348 53
360 54
337 59
373 61
348 60
348 92
333 92
316 138
316 177
400 92
416 135
416 171
343 176
343 237
343 288
379 176
379 235
392 284
348 53
360 54
337 59
373 61
348 60
348 92
333 92
316 138
316 177
400 92
416 135
416 171
343 176
343 237
343 288
379 176
379 235
392 284
348 53
360 54
337 59
373 61
348 60
348 92
333 92
316 138
316 177
400 92
416 135
416 171
343 176
343 237
343 288
379 176
379 235
392 284
348 53
360 54
337 59
373 61
348 60
348 92
333 92
316 138
316 177
400 92
416 135
416 171
343 176
343 237
343 288
379 176
379 235
392 284
348 53
360 54
337 59
373 61
348 60
348 92
333 92
316 138
316 177
400 92
416 135
416 171
343 176
343 237
343 288
379 176
379 235
392 284
348 53
360 54
337 59
373 61
348 60
348 92
333 92
316 138
316 177
400 92
416 135
416 171
343 176
343 237
343 288
379 176
379 235
392 284
348 53
360 54
337 59
373 61
348 60
348 92
333 92
316 138
316 177
400 92
416 135
416 171
343 176
343 237
343 288
379 176
379 235
392 284
348 53
360 54
337 59
373 61
348 60
348 92
333 92
316 138
316 177
400 92
416 135
416 171
343 176
343 237
343 288
379 176
379 235
392 284
348 53
360 54
337 59
360 61
348 60
348 92
333 92
316 138
316 177
400 92
416 135
416 171
343 176
343 237
343 288
379 176
379 235
392 284
348 53
360 54
337 59
360 61
348 60
348 92
333 92
316 138
316 177
400 92
416 135
416 171
343 176
343 237
343 288
379 176
379 235
392 284
348 53
360 54
337 59
360 61
348 60
348 92
333 92
316 138
316 177
400 92
416 135
416 171
343 176
343 237
343 295
379 176
379 235
392 284
348 53
360 54
337 59
360 61
348 60
348 92
333 92
316 138
316 177
400 92
416 135
416 171
343 176
343 237
343 288
379 176
379 235
392 284
348 53
360 54
337 59
360 61
348 60
348 92
333 92
316 138
316 177
400 92
416 135
416 171
343 176
343 237
343 288
379 176
379 235
392 284
348 53
360 54
337 59
360 61
348 60
348 92
333 92
316 138
316 177
400 92
416 135
416 171
343 176
343 237
343 295
379 176
379 235
392 284
348 53
360 54
337 59
360 61
348 60
348 92
333 92
316 138
316 177
400 92
416 135
416 171
343 176
343 237
343 295
379 176
379 235
392 284
348 53
360 54
337 59
360 61
348 60
348 92
333 92
316 138
316 177
400 92
416 135
416 171
343 176
343 237
343 288
379 176
379 235
392 284
348 53
360 54
337 59
360 61
348 60
348 92
333 92
316 138
316 177
400 92
416 135
416 171
343 176
343 237
343 295
379 176
379 235
392 284
348 53
360 54
337 59
360 61
348 60
348 92
333 92
316 138
316 177
400 92
416 135
416 171
343 176
343 237
343 288
379 176
379 235
392 284
348 53
360 54
337 59
360 61
348 60
348 92
333 92
316 138
316 177
400 92
416 135
416 171
343 176
343 246
343 296
379 176
379 235
392 284
348 53
360 54
337 59
360 61
348 60
348 92
333 92
316 138
316 177
400 92
416 135
416 171
343 176
343 237
343 295
379 176
379 235
392 284
348 53
360 54
337 59
360 61
348 60
348 92
333 92
316 138
316 177
400 92
416 135
416 171
343 176
343 246
343 296
379 176
379 235
392 284
348 53
360 54
337 59
360 61
348 60
348 92
333 92
316 138
316 177
400 92
416 135
416 171
343 176
343 237
343 295
379 176
379 235
392 284
348 53
360 54
337 59
360 61
348 60
348 92
333 92
316 138
316 177
400 92
416 135
416 171
343 176
343 237
343 295
379 176
379 235
392 284
348 53
360 54
337 59
360 61
348 60
348 92
333 92
316 138
316 177
400 92
416 135
416 171
343 176
343 237
343 295
379 176
379 235
392 284
348 53
360 54
337 59
373 61
348 60
348 92
333 92
316 138
316 177
400 92
416 135
416 171
343 176
343 237
343 295
379 176
379 235
392 284
348 53
360 54
337 59
373 61
348 60
348 92
333 92
316 138
316 177
400 92
416 135
416 171
343 176
343 246
343 296
379 176
379 235
392 284
348 53
360 54
337 59
373 61
348 60
348 92
333 92
316 138
316 177
400 92
416 135
416 171
343 176
343 246
343 296
379 176
379 235
392 284
348 53
360 54
337 59
373 61
