736 68
736 155
702 155
662 264
621 378
858 155
893 250
932 358
728 395
728 559
728 712
823 395
823 583
849 684
736 52
765 54
714 64
791 67
736 68
736 155
702 155
662 264
621 378
858 155
893 250
932 358
728 395
728 559
728 712
823 395
823 583
849 684
736 52
765 54
714 64
791 67
736 68
736 155
702 155
662 264
621 378
858 155
893 250
932 358
728 395
728 559
728 712
823 395
823 583
849 684
736 52
765 54
714 64
791 67
736 68
736 155
702 155
662 264
621 378
858 155
893 250
932 358
728 395
728 559
728 712
823 395
823 583
849 684
736 52
765 54
714 64
791 67
736 68
736 155
702 155
662 264
621 378
858 155
893 250
932 358
728 395
728 559
728 712
823 395
823 583
849 684
736 52
765 54
714 64
791 67
736 68
736 155
702 155
662 264
621 378
858 155
893 250
932 358
728 395
728 559
728 712
823 395
823 583
849 684
736 52
765 54
714 64
791 67
736 68
736 155
702 155
662 264
621 378
858 155
893 250
932 358
728 395
728 559
728 712
823 395
823 583
849 684
736 52
765 54
714 64
791 67
736 68
736 155
702 155
662 264
621 378
858 155
893 250
932 358
728 395
728 559
728 712
823 395
823 583
849 684
736 52
765 54
714 64
791 67
736 68
736 155
702 155
662 264
621 378
858 155
893 250
932 358
728 395
728 559
728 712
823 395
823 583
849 684
736 52
765 54
714 64
791 67
736 68
736 155
702 155
662 264
621 378
858 155
893 250
932 358
728 395
728 559
728 712
823 395
823 583
849 684
736 52
765 54
714 64
791 67
736 68
736 155
702 155
662 264
621 378
858 155
893 250
932 358
728 395
728 559
728 712
823 395
823 583
849 684
736 52
765 54
714 64
791 67
736 68
736 155
702 155
662 264
621 378
858 155
893 250
932 358
728 395
728 559
728 712
823 395
823 583
849 684
736 52
765 54
714 64
791 67
736 68
736 155
702 155
662 264
621 378
858 155
893 250
932 358
728 395
728 559
728 712
823 395
823 583
849 684
736 52
765 54
714 64
791 67
736 68
736 155
702 155
662 264
621 378
858 155
893 250
932 358
728 395
728 559
728 712
823 395
823 583
849 684
736 52
765 54
714 64
791 67
736 68
736 155
702 155
662 264
621 378
858 155
893 250
932 358
728 395
728 559
728 712
823 395
823 583
849 684
736 52
765 54
714 64
791 67
736 68
736 155
702 155
662 264
621 378
858 155
893 250
932 358
728 395
728 559
728 712
823 395
823 583
849 684
736 52
765 54
714 64
791 67
736 68
736 155
702 155
662 264
621 378
858 155
893 250
932 358
728 395
728 559
728 712
823 395
823 583
849 684
736 52
765 54
714 64
791 67
736 68
736 155
702 155
662 264
621 378
858 155
893 250
932 358
728 395
728 559
728 712
823 395
823 583
849 684
736 52
765 54
714 64
791 67
736 68
736 155
702 155
662 264
621 378
858 155
893 250
932 358
728 395
728 559
728 712
823 395
823 583
849 684
736 52
765 54
714 64
791 67
736 68
736 155
702 155
662 264
621 378
858 155
893 250
932 358
728 395
728 559
728 712
823 395
823 583
849 684
736 52
765 54
714 64
791 67
736 68
736 155
702 155
662 264
621 378
858 155
893 250
932 358
728 395
728 584
728 717
823 395
823 583
849 684
736 52
765 54
714 64
791 67
736 68
736 155
702 155
662 264
621 378
858 155
893 250
932 358
728 395
728 584
728 717
823 395
823 583
849 684
736 52
765 54
714 64
791 67
736 68
736 155
702 155
662 264
621 378
858 155
893 250
932 358
728 395
728 584
728 717
823 395
823 583
849 698
736 52
765 54
714 64
791 67
736 68
736 155
702 155
662 264
621 378
858 155
893 250
932 358
728 395
728 584
728 717
823 395
823 583
849 698
736 68
765 54
714 68
791 67
736 68
736 155
702 155
662 264
580 378
858 155
893 250
932 358
728 395
728 584
728 717
823 395
823 583
849 698
736 68
765 68
714 68
791 68
736 68
736 155
702 155
662 264
580 378
858 155
893 250
970 358
728 395
728 584
728 717
823 395
823 611
849 711
736 68
765 68
714 68
791 68
736 68
736 155
702 155
662 264
580 378
858 155
893 250
970 358
728 395
728 584
728 717
823 395
823 611
849 711
736 68
765 68
714 68
791 68
711 68
750 155
680 155
640 264
558 378
811 155
846 250
923 358
699 416
699 583
699 716
794 416
794 607
820 707
711 68
740 68
689 68
766 68
711 76
750 163
680 163
640 249
558 363
811 163
846 238
923 346
699 400
699 567
699 700
794 400
844 591
844 691
711 57
740 59
689 57
766 59
711 76
750 163
680 163
600 249
559 363
811 163
881 258
920 344
699 400
699 567
699 700
794 400
844 591
844 691
711 57
740 59
689 70
766 74
711 76
750 163
680 163
600 272
559 363
811 163
881 258
920 344
699 400
699 567
699 700
794 400
844 591
844 691
711 57
740 59
689 70
766 74
711 76
750 163
680 163
600 272
518 363
811 163
881 258
958 344
699 400
699 567
699 700
794 400
844 591
844 691
711 57
740 59
689 70
766 74
711 76
750 163
680 163
600 272
518 363
811 163
881 258
958 344
699 400
699 567
699 700
794 400
844 591
844 691
711 76
740 76
689 76
766 76
711 76
750 163
680 163
600 272
518 339
811 163
881 258
958 344
699 400
699 567
699 700
794 400
844 591
844 691
711 76
740 76
689 76
766 76
711 76
750 163
680 163
600 272
518 339
811 163
881 258
958 344
699 400
699 567
699 700
794 400
844 591
844 691
711 76
740 76
689 76
766 76
711 86
750 170
680 170
600 259
518 326
811 170
881 248
958 312
699 410
699 552
699 685
794 410
844 573
844 673
711 67
740 69
689 80
766 84
711 86
750 170
680 170
600 259
518 326
811 170
846 228
962 314
699 410
699 574
699 690
794 410
844 573
844 673
711 67
740 69
689 80
766 84
711 86
750 170
680 170
600 259
518 326
811 170
881 248
997 312
699 410
699 574
699 690
794 410
844 573
844 673
711 67
740 69
689 80
766 84
711 86
750 170
680 170
600 259
477 326
811 170
881 248
997 312
699 410
699 574
699 690
794 410
844 573
844 673
711 86
740 86
689 86
766 86
711 86
750 170
680 170
600 259
477 326
811 170
916 248
993 312
699 410
699 574
699 690
794 410
844 573
844 673
711 86
740 86
689 86
766 86
711 91
750 178
680 178
600 244
477 311
811 143
916 221
1032 285
699 393
699 557
699 673
794 393
844 581
844 667
711 75
740 77
689 87
766 90
711 91
750 178
680 178
600 244
477 311
811 178
916 236
1032 300
699 415
699 557
699 673
794 415
844 578
844 664
711 75
740 77
689 87
766 90
711 91
750 178
680 178
600 244
477 311
811 178
916 236
1032 300
699 415
699 557
699 673
794 415
844 578
844 664
711 91
740 91
689 91
766 91
711 91
750 178
680 178
600 244
477 311
811 178
916 236
1032 277
699 415
699 557
699 673
794 415
844 578
844 664
711 91
740 91
689 91
766 91
711 99
750 186
680 186
600 229
477 296
811 186
916 224
1032 265
699 398
699 540
699 656
794 398
844 561
844 647
711 80
740 82
689 93
766 97
711 99
750 186
680 186
600 229
477 296
811 186
916 224
1032 265
699 398
699 540
699 656
794 398
844 561
844 647
711 80
740 82
689 93
766 97
711 99
750 186
680 186
559 252
436 296
811 186
916 244
1032 263
699 398
699 540
699 656
794 398
844 561
844 647
711 99
740 99
689 99
766 99
711 99
750 186
680 186
559 252
436 296
811 186
916 244
1032 263
699 417
699 559
699 655
794 398
844 561
844 647
711 99
740 99
689 99
766 99
711 122
750 186
680 186
559 252
436 296
811 186
916 244
1032 263
699 423
699 565
699 661
794 423
844 557
844 643
711 103
740 105
689 103
766 120
711 109
750 193
680 193
559 239
436 283
811 193
916 233
1032 252
699 408
699 550
699 646
794 408
844 571
844 642
711 90
740 92
689 103
766 107
711 109
750 193
680 193
559 239
436 283
811 193
916 233
1032 252
699 408
699 550
699 646
794 408
844 571
844 642
711 90
740 92
689 103
766 107
711 109
750 193
680 193
559 239
436 283
811 193
916 233
1032 252
699 408
699 550
699 646
794 408
844 571
844 642
711 109
740 109
689 109
766 109
711 109
750 193
680 193
559 259
436 282
811 193
916 233
1032 252
699 408
699 550
699 646
794 408
844 571
844 642
711 109
740 109
689 109
766 109
711 129
750 193
680 193
559 259
436 282
811 193
916 233
1032 274
699 408
699 550
699 646
794 408
844 571
844 642
711 113
740 115
689 125
766 128
711 114
750 201
680 201
559 244
436 267
811 166
916 206
1032 247
699 391
699 533
699 629
794 391
844 554
844 625
711 98
740 100
689 110
766 113
711 114
750 201
680 201
559 244
436 267
811 166
916 224
1032 246
699 410
699 528
699 624
794 391
844 554
844 625
711 98
740 100
689 110
766 113
711 114
750 201
680 201
559 244
436 267
811 201
916 239
1032 261
699 416
699 534
699 630
794 416
844 550
844 621
711 114
740 114
689 114
766 114
711 114
750 201
680 201
559 244
436 267
811 201
916 239
1032 261
699 416
699 534
699 630
794 416
844 550
844 621
711 114
740 114
689 114
766 114
711 137
750 201
680 201
559 244
436 267
872 201
942 239
1058 261
699 416
699 534
699 630
794 416
844 550
844 621
711 118
740 120
689 118
766 120
711 137
750 201
680 201
559 244
436 267
872 201
942 239
1058 261
699 416
699 534
699 630
794 416
844 550
844 621
711 118
740 120
689 131
766 135
711 137
750 201
680 222
559 265
436 265
811 201
916 239
1032 283
699 416
699 534
699 630
794 416
844 550
844 621
711 118
740 120
689 131
766 135
711 122
750 209
680 209
559 252
436 252
811 174
916 232
1032 254
699 399
699 517
699 613
794 399
844 533
844 604
711 122
740 122
689 122
766 122
711 122
750 209
680 209
559 252
436 275
872 209
942 247
1058 269
699 399
699 517
699 613
794 399
844 533
844 604
711 122
740 122
689 122
766 122
750 145
750 209
680 209
559 252
436 275
872 209
942 247
1058 269
699 399
699 517
699 613
794 399
844 533
844 604
717 126
750 128
695 126
776 128
711 145
750 209
680 209
559 252
436 275
872 209
942 247
1058 269
699 399
699 517
699 613
794 399
844 533
844 604
711 126
740 128
689 139
766 143
711 145
750 209
680 209
559 252
436 275
811 209
916 247
1032 269
699 399
699 541
699 616
794 399
844 533
844 604
711 145
740 145
689 145
766 145
711 145
750 209
680 227
559 273
436 273
811 209
916 267
1032 286
699 421
699 542
699 617
794 421
844 531
844 602
711 145
740 145
689 145
766 145
711 132
750 216
680 216
559 262
436 262
872 216
942 256
1058 275
699 406
699 527
699 602
794 406
844 516
844 587
711 132
740 132
689 132
766 132
711 152
750 216
680 216
559 262
436 282
811 216
916 256
1032 275
699 406
699 527
699 602
794 406
844 516
844 587
711 136
740 138
689 148
766 151
711 152
750 216
680 216
559 262
436 282
811 216
916 256
1032 275
699 406
699 527
699 602
794 406
844 516
844 587
711 136
740 138
689 148
766 151
711 152
750 216
680 216
559 262
436 282
811 216
916 256
1032 275
699 406
699 527
699 602
794 406
844 516
844 587
711 152
740 152
689 152
766 152
736 152
736 216
702 237
581 280
458 303
858 216
963 256
1079 275
728 406
728 527
728 602
823 406
873 516
873 587
736 152
765 152
714 152
791 152
736 137
736 224
702 224
581 267
458 290
858 189
963 229
1079 248
728 389
728 510
728 585
823 389
873 499
873 570
736 137
765 137
714 137
791 137
736 160
736 224
702 224
581 267
458 290
858 224
963 262
1079 284
728 408
728 504
728 579
823 389
873 499
873 570
736 141
765 143
714 154
791 158
736 160
736 224
702 224
581 267
458 290
858 224
963 262
1079 284
728 408
728 504
728 579
823 389
873 499
873 570
736 141
765 143
714 154
791 158
711 160
750 224
680 224
559 267
436 290
811 224
916 262
1032 284
699 408
699 504
699 579
794 389
844 527
844 583
711 160
740 160
689 160
766 160
711 160
750 224
680 224
559 267
436 311
811 224
916 262
1032 284
699 408
699 504
699 579
794 389
844 527
844 583
711 160
740 160
689 160
766 160
711 160
750 224
680 224
559 267
436 311
811 224
916 262
1032 284
699 389
699 510
699 585
794 389
844 527
844 583
711 160
740 160
689 160
766 160
711 160
750 224
680 224
559 267
436 311
811 224
916 262
1032 284
699 408
699 504
699 579
794 389
844 499
844 570
711 160
740 160
689 160
766 160
711 160
750 224
680 224
559 267
436 311
811 224
916 262
1032 284
699 389
699 510
699 585
794 389
844 499
844 570
711 160
740 143
689 160
766 158
711 160
750 224
680 224
559 267
436 311
811 224
916 262
1032 284
699 389
699 510
699 585
794 389
844 499
844 570
711 141
740 143
689 154
766 158
711 137
750 224
680 224
559 267
436 290
811 189
916 229
1032 270
699 389
699 510
699 585
794 389
844 499
844 570
711 137
740 137
689 137
766 137
711 152
750 216
680 237
559 280
436 303
811 216
916 256
1032 297
699 406
699 527
699 602
794 406
844 516
844 587
711 152
740 152
689 152
766 152
736 152
736 216
702 216
581 282
458 305
858 216
963 256
1079 275
728 406
728 527
728 602
823 406
873 516
873 587
736 136
765 138
714 148
791 151
711 132
750 216
680 216
559 262
436 306
811 216
916 256
1032 275
699 406
699 527
699 602
794 406
844 516
844 587
711 132
740 132
689 132
766 132
736 145
736 209
702 227
581 273
458 293
858 209
963 247
1079 288
728 399
728 541
728 616
823 399
873 533
873 604
736 126
765 128
714 139
791 143
736 145
736 209
702 209
581 275
458 295
858 209
963 247
1079 288
728 399
728 517
728 613
823 399
873 533
873 604
736 126
765 128
714 126
791 128
736 122
736 209
702 209
581 252
458 296
858 174
963 232
1079 254
728 399
728 517
728 613
823 399
873 533
873 604
736 103
765 105
714 116
791 120
711 114
750 201
680 201
559 267
477 290
811 201
916 239
1032 283
699 391
699 533
699 629
794 391
844 554
844 625
711 114
740 114
689 127
766 114
736 114
736 201
702 201
622 244
499 291
858 166
963 224
1079 268
728 391
728 533
728 629
823 391
873 554
873 625
736 98
765 100
714 110
791 113
711 109
750 193
680 193
559 259
477 282
811 193
881 233
1036 274
699 408
699 550
699 646
794 408
844 571
844 642
711 109
740 109
689 109
766 109
736 109
736 193
702 193
581 239
458 283
858 193
928 233
1083 274
728 408
728 550
728 646
823 408
873 571
873 642
736 90
765 92
714 103
791 107
736 99
736 186
702 186
622 252
499 296
858 186
963 244
1079 285
728 398
728 565
728 661
823 398
873 589
873 660
736 99
765 99
714 99
791 99
711 99
750 186
680 186
600 252
477 296
811 186
916 224
1032 265
699 398
699 565
699 661
794 398
844 589
844 660
711 80
740 82
689 93
766 97
736 91
736 178
702 178
622 244
499 311
858 178
928 236
1083 277
728 415
728 557
728 673
823 415
873 578
873 664
736 91
765 91
714 91
791 91
736 91
736 178
702 178
622 244
499 311
858 178
928 236
1044 277
728 415
728 557
728 673
823 415
873 578
873 664
736 75
765 77
714 87
791 90
736 106
736 170
702 170
622 259
499 326
858 170
928 248
1044 289
728 410
728 574
728 690
823 410
873 598
873 684
736 90
765 92
714 102
791 105
736 86
736 170
702 170
622 259
499 326
858 170
928 228
1044 292
728 410
728 574
728 690
823 410
873 598
873 684
736 86
765 86
714 86
791 86
711 86
750 170
680 170
600 259
477 303
811 170
881 228
997 292
699 410
699 574
699 690
794 410
844 573
844 673
711 67
740 69
689 80
766 84
736 76
736 163
702 163
622 249
540 316
858 163
928 238
1044 302
728 424
728 588
728 704
823 424
873 587
873 687
736 76
765 76
714 76
791 76
736 76
736 163
702 163
622 249
540 316
858 163
928 238
1044 324
728 400
728 567
728 700
823 400
873 591
873 691
736 76
765 76
714 76
791 76
736 76
736 163
702 163
622 249
540 316
858 163
928 238
1005 302
728 400
728 567
728 700
823 400
873 591
873 691
736 57
765 59
714 70
791 74
736 76
736 163
702 163
622 249
540 316
858 163
928 238
1005 324
728 400
728 567
728 700
823 400
873 591
873 691
736 57
765 59
714 70
791 59
736 68
736 155
702 155
622 264
540 355
858 155
928 250
1005 336
728 416
728 583
728 716
823 416
873 607
873 707
736 68
765 68
714 68
791 68
736 68
736 155
702 155
622 264
540 355
858 155
928 250
1005 336
728 416
728 583
728 716
823 416
873 607
873 707
736 68
765 68
714 68
791 68
736 68
736 155
702 155
622 264
540 355
858 155
928 233
1005 338
728 400
728 589
728 722
823 416
873 607
873 707
736 52
765 54
714 64
791 67
736 68
736 155
702 155
622 264
581 355
858 155
928 233
1005 338
728 395
728 584
728 717
823 395
823 611
849 711
736 52
765 54
714 64
791 67
736 68
736 155
702 155
662 264
580 355
858 155
928 233
967 338
728 395
728 584
728 717
823 395
823 611
849 711
736 52
765 54
714 64
791 67
736 68
736 155
702 155
662 264
580 355
858 155
928 233
967 338
728 395
728 584
728 717
823 395
823 583
849 698
736 52
765 54
714 64
791 67
736 68
736 155
702 155
662 264
580 355
858 155
928 250
967 336
728 395
728 584
728 717
823 395
823 583
849 698
736 52
765 54
714 64
791 54
736 68
736 155
702 155
662 264
580 378
858 155
893 233
970 338
728 395
728 584
728 717
823 395
823 583
849 698
736 52
765 54
714 64
791 54
736 68
736 155
702 155
662 264
580 378
858 155
893 233
970 338
728 395
728 584
728 717
823 395
823 583
849 698
736 52
765 54
714 64
791 54
736 68
736 155
702 155
662 264
621 378
858 155
893 250
970 336
728 395
728 559
728 712
823 395
823 583
849 698
736 52
765 54
714 64
791 54
736 68
736 155
702 155
662 264
621 378
858 155
893 250
970 336
728 395
728 559
728 712
823 395
823 583
849 698
736 52
765 54
714 52
791 54
736 68
736 155
702 155
662 264
621 378
858 155
893 250
970 336
728 395
728 559
728 712
823 395
823 583
849 698
736 52
765 54
714 52
791 54
736 68
736 155
702 155
662 264
621 378
858 155
893 250
932 336
728 395
728 559
728 712
823 395
823 583
849 698
736 52
765 54
714 64
791 54
711 68
750 155
680 155
640 264
599 378
811 155
846 250
885 336
699 395
699 559
699 712
794 395
794 583
820 698
711 52
740 54
689 64
766 54
711 68
750 155
680 155
640 264
599 378
811 155
846 250
885 358
699 395
699 559
699 712
794 395
794 583
820 698
711 52
740 54
689 64
766 54
711 68
750 155
680 155
640 264
599 378
811 155
846 250
885 336
699 395
699 559
699 695
794 395
794 583
820 698
711 52
740 54
689 64
766 54
711 49
750 155
680 155
640 264
640 378
811 155
846 250
885 358
699 395
699 559
699 695
794 395
794 583
820 684
711 49
740 49
689 49
766 49
711 49
750 155
680 155
640 264
640 378
811 155
846 250
885 358
699 395
699 559
699 712
794 395
794 583
820 684
711 49
740 49
689 49
766 49
711 49
750 155
680 155
640 264
640 378
811 155
846 250
885 358
699 395
699 559
699 712
794 395
844 583
844 684
711 49
740 49
689 49
766 49
711 68
750 155
680 155
640 264
640 378
811 155
846 250
885 358
699 395
699 559
699 712
794 395
794 583
820 684
711 52
740 54
689 52
766 54
711 68
750 155
680 155
640 264
640 378
811 155
846 250
885 358
699 395
699 559
699 712
794 395
794 583
820 684
711 52
740 54
689 52
766 54
711 68
750 155
680 155
640 264
640 378
811 155
846 250
885 358
699 395
699 559
699 712
794 395
794 583
820 684
711 52
740 54
689 64
766 54
750 68
750 155
680 155
640 264
640 378
811 155
846 250
885 358
699 395
699 559
699 712
794 395
794 583
820 684
717 52
750 54
695 64
776 54
750 68
750 155
680 155
640 264
640 378
811 155
846 250
885 358
699 395
699 559
699 712
794 395
794 583
820 684
717 52
750 54
695 64
776 54
750 68
750 155
680 155
640 264
640 378
811 155
846 250
846 358
699 395
699 559
699 712
794 395
794 583
820 684
717 52
750 54
695 64
776 67
750 68
750 155
680 155
640 264
640 378
811 155
846 250
846 358
699 395
699 559
699 712
794 395
844 583
844 684
717 52
750 54
695 64
776 67
750 68
750 155
680 155
640 264
640 378
811 155
846 250
846 358
699 395
699 559
699 712
794 395
844 583
844 684
717 52
750 54
695 64
776 67
750 68
750 155
680 155
680 264
639 378
811 155
846 250
846 358
699 395
699 559
699 712
794 395
794 583
820 684
717 52
750 54
695 64
776 67
750 68
750 155
680 155
680 264
639 378
811 155
846 250
846 358
699 395
699 559
699 712
794 395
794 583
820 684
717 52
750 54
695 64
776 67
750 68
750 155
680 155
640 264
640 378
811 155
846 250
846 358
699 395
699 559
699 712
794 395
794 583
820 684
717 52
750 54
695 64
776 67
750 68
750 155
680 155
640 264
640 378
811 155
846 250
846 358
699 395
699 559
699 712
794 395
794 583
820 684
717 52
750 54
695 64
776 67
750 68
750 155
680 155
640 264
640 378
811 155
846 250
846 358
699 395
699 559
699 712
794 395
794 583
820 684
717 52
750 54
695 64
776 54
750 68
750 155
680 155
640 264
640 378
811 155
846 250
885 358
699 395
699 559
699 712
794 395
794 583
820 684
717 52
750 54
695 64
776 54
750 68
750 155
680 155
640 264
640 378
811 155
846 250
846 358
699 395
699 584
699 717
794 395
794 583
820 684
717 52
750 54
695 64
776 54
711 68
750 155
680 155
640 264
640 378
811 155
846 250
846 358
699 395
699 584
699 717
794 395
794 583
820 684
711 52
740 54
689 64
766 54
711 68
750 155
680 155
640 264
640 378
811 155
846 250
846 358
699 395
699 584
699 717
794 395
794 583
820 684
711 52
740 54
689 64
766 54
711 68
750 155
680 155
640 264
640 378
811 155
846 250
846 358
699 395
699 559
699 712
794 395
794 583
820 684
711 52
740 54
689 64
766 67
711 68
750 155
680 155
640 264
640 378
811 155
846 250
846 358
699 395
699 559
699 712
794 395
794 583
820 684
711 52
740 54
689 64
766 67
711 68
750 155
680 155
640 264
640 378
811 155
846 250
846 358
699 395
699 559
699 712
794 395
794 583
820 684
711 52
740 54
689 64
766 67
711 68
750 155
680 155
640 264
640 378
811 155
846 250
846 358
699 395
699 559
699 712
794 395
794 583
820 684
711 52
740 54
689 64
766 67
711 68
750 155
680 155
640 264
640 378
811 155
846 250
846 358
699 395
699 559
699 695
794 395
794 583
820 684
711 52
740 54
689 64
766 67
711 68
750 155
680 155
640 264
640 378
811 155
846 250
846 358
699 395
699 559
699 712
794 395
794 583
820 684
711 52
740 54
689 64
766 67
711 68
750 155
680 155
640 264
640 378
811 155
846 250
846 358
699 395
699 559
699 712
794 395
794 583
820 684
711 52
740 54
689 64
766 67
711 68
750 155
680 155
640 264
640 378
811 155
846 250
846 358
699 395
699 559
699 712
794 395
794 583
820 684
711 52
740 54
689 64
766 67
736 68
736 155
702 155
662 264
662 378
858 155
893 250
893 358
728 395
728 559
728 712
823 395
823 583
849 684
736 52
765 54
714 64
791 67
711 68
750 155
680 155
640 264
640 378
811 155
846 250
846 358
699 395
699 559
699 712
794 395
794 583
820 684
711 52
740 54
689 64
766 67
736 68
736 155
702 155
662 264
662 378
858 155
893 250
893 358
728 395
728 559
728 712
823 395
823 583
849 684
736 52
765 54
714 64
791 67
736 68
736 155
702 155
662 264
662 378
858 155
893 250
893 358
728 395
728 559
728 712
823 395
823 583
849 684
736 52
765 54
714 64
791 67
736 68
736 155
702 155
662 264
662 378
858 155
893 250
893 358
728 395
728 559
728 712
823 395
823 583
849 684
736 52
765 54
714 64
791 67
736 68
736 155
702 155
662 264
662 378
858 155
893 250
893 358
728 395
728 559
728 712
823 395
823 583
849 684
736 52
765 54
714 64
791 67
736 68
736 155
702 155
662 264
662 378
858 155
893 250
893 358
728 395
728 559
728 695
823 395
823 583
849 684
736 52
765 54
714 64
791 67
736 68
736 155
702 155
662 264
662 378
858 155
893 250
893 358
728 395
728 559
728 695
823 395
823 583
849 684
736 52
765 54
714 64
791 67
736 68
736 155
702 155
662 264
662 378
858 155
893 250
893 358
728 395
728 559
728 695
823 395
823 583
849 684
736 52
765 54
714 64
791 67
736 68
736 155
702 155
662 264
662 378
858 155
893 250
893 358
728 395
728 559
728 695
823 395
823 583
849 684
736 52
765 54
714 64
791 67
736 68
736 155
702 155
662 264
662 378
858 155
893 250
893 358
728 395
728 559
728 695
823 395
823 583
849 684
736 52
765 54
714 64
791 67
736 68
736 155
702 155
662 264
662 378
858 155
893 250
893 358
728 395
728 559
728 695
823 395
823 583
849 684
736 52
765 54
714 64
791 67
736 68
736 155
702 155
662 264
662 378
858 155
893 250
893 358
728 395
728 559
728 695
823 395
823 583
849 684
736 52
765 54
714 64
791 67
736 68
736 155
702 155
662 264
662 378
858 155
893 250
893 358
728 395
728 559
728 695
823 395
823 583
849 684
736 52
765 54
714 64
791 67
736 68
736 155
702 155
662 264
662 378
858 155
893 250
893 358
728 395
728 559
728 695
823 395
823 583
849 684
736 52
765 54
714 64
791 67
736 68
736 155
702 155
662 264
662 378
858 155
893 250
893 358
728 395
728 559
728 695
823 395
823 583
849 684
736 52
765 54
714 64
791 67
736 68
736 155
702 155
662 264
662 378
858 155
893 250
893 358
728 395
728 559
728 695
823 395
823 583
849 684
736 52
765 54
714 64
791 67
736 68
736 155
702 155
662 264
662 378
858 155
893 250
893 358
728 395
728 559
728 695
823 395
823 583
849 684
736 52
765 54
714 64
791 67
736 68
736 155
702 155
662 264
662 378
858 155
893 250
893 358
728 395
728 559
728 695
823 395
823 583
849 684
736 52
765 54
714 64
791 67
736 68
736 155
702 155
662 264
662 378
858 155
893 250
893 358
728 395
728 559
728 695
823 395
823 583
849 684
736 52
765 54
714 64
791 67
736 68
736 155
702 155
662 264
662 378
858 155
893 250
893 358
728 395
728 559
728 695
823 395
823 583
849 684
736 52
765 54
714 64
791 67
736 68
736 155
702 155
662 264
662 378
858 155
893 250
893 358
728 395
728 559
728 695
823 395
823 583
849 684
736 52
765 54
714 64
791 67
736 68
736 155
702 155
662 264
662 378
858 155
893 250
893 358
728 395
728 559
728 695
823 395
823 583
849 684
736 52
765 54
714 64
791 67
736 68
736 155
702 155
662 264
662 378
858 155
893 250
893 358
728 395
728 559
728 695
823 395
823 583
849 684
736 52
765 54
714 64
791 67
736 68
736 155
702 155
662 264
662 378
858 155
893 250
893 358
728 395
728 559
728 695
823 395
823 583
849 684
736 52
765 54
714 64
765 67
736 68
736 155
702 155
662 264
662 378
858 155
893 250
893 358
728 395
728 559
728 695
823 395
823 583
849 684
736 52
765 54
714 64
765 67
736 68
736 155
702 155
662 264
662 378
858 155
893 250
893 358
728 395
728 559
728 695
823 395
823 583
849 684
736 52
765 54
714 64
765 67
736 68
736 155
702 155
662 264
662 378
858 155
893 250
893 358
728 395
728 559
728 712
823 395
823 583
849 684
736 52
765 54
714 64
765 67
736 68
736 155
702 155
662 264
662 378
858 155
893 250
893 358
728 395
728 559
728 695
823 395
823 583
849 684
736 52
765 54
714 64
765 67
736 68
736 155
702 155
662 264
662 378
858 155
893 250
893 358
728 395
728 559
728 695
823 395
823 583
849 684
736 52
765 54
714 64
765 67
736 68
736 155
702 155
662 264
662 378
858 155
893 250
893 358
728 395
728 559
728 712
823 395
823 583
849 684
736 52
765 54
714 64
765 67
736 68
736 155
702 155
662 264
662 378
858 155
893 250
893 358
728 395
728 559
728 712
823 395
823 583
849 684
736 52
765 54
714 64
765 67
736 68
736 155
702 155
662 264
662 378
858 155
893 250
893 358
728 395
728 559
728 695
823 395
823 583
849 684
736 52
765 54
714 64
765 67
736 68
736 155
702 155
662 264
662 378
858 155
893 250
893 358
728 395
728 559
728 712
823 395
823 583
849 684
736 52
765 54
714 64
765 67
736 68
736 155
702 155
662 264
662 378
858 155
893 250
893 358
728 395
728 559
728 695
823 395
823 583
849 684
736 52
765 54
714 64
765 67
736 68
736 155
702 155
662 264
662 378
858 155
893 250
893 358
728 395
728 584
728 717
823 395
823 583
849 684
736 52
765 54
714 64
765 67
736 68
736 155
702 155
662 264
662 378
858 155
893 250
893 358
728 395
728 559
728 712
823 395
823 583
849 684
736 52
765 54
714 64
765 67
736 68
736 155
702 155
662 264
662 378
858 155
893 250
893 358
728 395
728 584
728 717
823 395
823 583
849 684
736 52
765 54
714 64
765 67
736 68
736 155
702 155
662 264
662 378
858 155
893 250
893 358
728 395
728 559
728 712
823 395
823 583
849 684
736 52
765 54
714 64
765 67
736 68
736 155
702 155
662 264
662 378
858 155
893 250
893 358
728 395
728 559
728 712
823 395
823 583
849 684
736 52
765 54
714 64
765 67
736 68
736 155
702 155
662 264
662 378
858 155
893 250
893 358
728 395
728 559
728 712
823 395
823 583
849 684
736 52
765 54
714 64
791 67
736 68
736 155
702 155
662 264
662 378
858 155
893 250
893 358
728 395
728 559
728 712
823 395
823 583
849 684
736 52
765 54
714 64
791 67
736 68
736 155
702 155
662 264
662 378
858 155
893 250
893 358
728 395
728 584
728 717
823 395
823 583
849 684
736 52
765 54
714 64
791 67
736 68
736 155
702 155
662 264
662 378
858 155
893 250
893 358
728 395
728 584
728 717
823 395
823 583
849 684
736 52
765 54
714 64
791 67
