293 -326
293 176
281 176
270 207
254 252
341 176
351 204
363 237
287 235
287 281
287 335
314 235
314 281
326 327
293 -355
392 -376
21 -209
601 -271
293 -326
293 176
281 176
270 207
254 252
341 176
351 204
363 237
287 235
287 281
287 335
314 235
314 281
326 327
293 -355
392 -376
21 -209
601 -271
293 -326
293 176
281 176
270 207
254 252
341 176
351 204
363 237
287 235
287 281
287 335
314 235
314 281
326 327
293 -355
392 -376
21 -209
601 -271
293 -326
293 176
281 176
270 207
254 252
341 176
351 204
363 237
287 235
287 281
287 335
314 235
314 281
326 327
293 -355
392 -376
21 -209
601 -271
293 -326
293 176
281 176
270 207
254 252
341 176
351 204
363 237
287 235
287 281
287 335
314 235
314 281
326 327
293 -355
392 -376
21 -209
601 -271
293 -326
293 176
281 176
270 207
254 252
341 176
351 204
363 237
287 235
287 281
287 335
314 235
314 281
326 327
293 -355
392 -376
21 -209
601 -271
293 -326
293 176
281 176
270 207
254 252
341 176
351 204
363 237
287 235
287 281
287 335
314 235
314 281
326 327
293 -355
392 -376
21 -209
601 -271
293 -326
293 176
281 176
270 207
254 252
341 176
351 204
363 237
287 235
287 281
287 335
314 235
314 281
326 327
293 -355
392 -376
21 -209
601 -271
293 -326
293 176
281 176
270 207
254 252
341 176
351 204
363 237
287 235
287 281
287 335
314 235
314 281
326 327
293 -355
392 -376
21 -209
601 -271
293 -326
293 176
281 176
270 207
254 252
341 176
351 204
363 237
287 235
287 281
287 335
314 235
314 281
326 327
293 -355
392 -376
21 -209
601 -271
293 -326
293 176
281 176
270 207
254 252
341 176
351 204
363 237
287 235
287 281
287 335
314 235
314 281
326 327
293 -355
392 -376
21 -209
601 -271
293 -326
293 176
281 176
270 207
254 252
341 176
351 204
363 237
287 235
287 281
287 335
314 235
314 281
326 327
293 -355
392 -376
21 -209
601 -271
293 -326
293 176
281 176
270 207
254 252
341 176
351 204
363 237
287 235
287 281
287 335
314 235
314 281
326 327
293 -355
392 -376
21 -209
601 -271
293 -326
293 176
281 176
270 207
254 252
341 176
351 204
363 237
287 235
287 281
287 335
314 235
314 281
326 327
293 -355
392 -376
21 -209
601 -271
293 -326
293 176
281 176
270 207
254 252
341 176
351 204
363 237
287 235
287 281
287 335
314 235
314 281
326 327
293 -355
392 -376
21 -209
601 -271
293 -326
293 176
281 176
270 207
254 252
341 176
351 204
363 237
287 235
287 281
287 335
314 235
314 281
326 327
293 -355
392 -376
21 -209
601 -271
293 -326
293 176
281 176
270 207
254 252
341 176
351 204
363 237
287 235
287 281
287 335
314 235
314 281
326 327
293 -355
392 -376
21 -209
601 -271
293 -326
293 176
281 176
270 207
254 252
341 176
351 204
363 237
287 235
287 281
287 335
314 235
314 281
326 327
293 -355
392 -376
21 -209
601 -271
293 -326
293 176
281 176
270 207
254 252
341 176
351 204
363 237
287 235
287 281
287 335
314 235
314 281
326 327
293 -355
392 -376
21 -209
601 -271
293 -326
293 176
281 176
270 207
254 252
341 176
351 204
363 237
287 235
287 281
287 335
314 235
314 281
326 327
293 -355
392 -376
21 -209
601 -271
293 -326
293 176
281 176
270 207
254 252
341 176
351 204
363 237
287 235
287 288
287 335
314 235
314 281
326 327
293 -355
392 -376
21 -209
601 -271
293 -326
293 176
281 176
270 207
254 252
341 176
351 204
363 237
287 235
287 288
287 335
314 235
314 281
326 327
293 -355
392 -376
21 -209
601 -271
293 -326
293 176
281 176
270 207
254 252
341 176
351 204
363 237
287 235
287 288
287 335
314 235
314 281
326 333
293 -355
392 -376
21 -209
601 -271
293 -326
293 176
281 176
270 207
254 252
341 176
351 204
363 237
287 235
287 288
287 335
314 235
314 281
326 333
293 -326
392 -376
21 -326
601 -271
293 -326
293 176
281 176
270 207
237 252
341 176
351 204
363 237
287 235
287 288
287 335
314 235
314 281
326 333
293 -326
392 -326
21 -326
601 -326
293 -326
293 176
281 176
270 207
237 252
341 176
351 204
375 237
287 235
287 288
287 335
314 235
314 288
326 333
293 -326
392 -326
21 -326
601 -326
293 -326
293 176
281 176
270 207
237 252
341 176
351 204
375 237
287 235
287 288
287 335
314 235
314 288
326 333
293 -326
392 -326
21 -326
601 -326
80 -326
307 176
281 176
270 207
237 252
331 176
341 204
365 237
291 240
291 287
291 334
318 240
318 287
330 332
80 -326
179 -326
-192 -326
388 -326
80 -318
307 184
281 184
270 208
237 253
331 184
341 206
365 239
291 242
291 289
291 336
318 242
330 289
330 334
80 -351
179 -375
-192 -351
388 -375
80 -318
307 184
281 184
258 208
242 253
331 184
352 212
364 238
291 242
291 289
291 336
318 242
330 289
330 334
80 -351
179 -375
-192 -184
388 -255
80 -318
307 184
281 184
258 215
242 251
331 184
352 212
364 238
291 242
291 289
291 336
318 242
330 289
330 334
80 -351
179 -375
-192 -184
388 -255
80 -318
307 184
281 184
258 215
225 251
331 184
352 212
376 238
291 242
291 289
291 336
318 242
330 289
330 334
80 -351
179 -375
-192 -184
388 -255
80 -318
307 184
281 184
258 215
225 251
331 184
352 212
376 238
291 242
291 289
291 336
318 242
330 289
330 334
80 -318
179 -318
-192 -318
388 -318
80 -318
307 184
281 184
258 215
225 242
331 184
352 212
376 238
291 242
291 289
291 336
318 242
330 289
330 334
80 -318
179 -318
-192 -318
388 -318
80 -318
307 184
281 184
258 215
225 242
331 184
352 212
376 238
291 242
291 289
291 336
318 242
330 289
330 334
80 -318
179 -318
-192 -318
388 -318
80 -295
307 191
281 191
258 216
225 243
331 191
352 214
376 233
291 250
291 290
291 337
318 250
330 290
330 335
80 -328
179 -352
-192 -161
388 -232
80 -295
307 191
281 191
258 216
225 243
331 191
341 208
376 234
291 250
291 296
291 337
318 250
330 290
330 335
80 -328
179 -352
-192 -161
388 -232
80 -295
307 191
281 191
258 216
225 243
331 191
352 214
387 233
291 250
291 296
291 337
318 250
330 290
330 335
80 -328
179 -352
-192 -161
388 -232
80 -295
307 191
281 191
258 216
209 243
331 191
352 214
387 233
291 250
291 296
291 337
318 250
330 290
330 335
80 -295
179 -295
-192 -295
388 -295
80 -295
307 191
281 191
258 216
209 243
331 191
362 214
386 233
291 250
291 296
291 337
318 250
330 290
330 335
80 -295
179 -295
-192 -295
388 -295
80 -303
307 199
281 199
258 218
209 245
331 185
362 208
397 227
291 252
291 298
291 339
318 252
330 298
330 337
80 -332
179 -353
-192 -186
388 -248
80 -303
307 199
281 199
258 218
209 245
331 199
362 216
397 235
291 257
291 297
291 338
318 257
330 297
330 336
80 -332
179 -353
-192 -186
388 -248
80 -303
307 199
281 199
258 218
209 245
331 199
362 216
397 235
291 257
291 297
291 338
318 257
330 297
330 336
80 -303
179 -303
-192 -303
388 -303
80 -303
307 199
281 199
258 218
209 245
331 199
362 216
397 229
291 257
291 297
291 338
318 257
330 297
330 336
80 -303
179 -303
-192 -303
388 -303
80 -295
307 207
281 207
258 219
209 246
331 207
362 218
397 231
291 259
291 299
291 340
318 259
330 299
330 338
80 -328
179 -352
-192 -161
388 -232
80 -295
307 207
281 207
258 219
209 246
331 207
362 218
397 231
291 259
291 299
291 340
318 259
330 299
330 338
80 -328
179 -352
-192 -161
388 -232
80 -295
307 207
281 207
247 226
198 243
331 207
362 224
397 230
291 259
291 299
291 340
318 259
330 299
330 338
80 -295
179 -295
-192 -295
388 -295
80 -295
307 207
281 207
247 226
198 243
331 207
362 224
397 230
291 264
291 304
291 338
318 259
330 299
330 338
80 -295
179 -295
-192 -295
388 -295
80 -165
307 207
281 207
247 226
198 243
331 207
362 224
397 230
291 265
291 305
291 339
318 265
330 298
330 337
80 -198
179 -222
-192 -198
388 -102
80 -272
307 214
281 214
247 227
198 244
331 214
362 226
397 232
291 267
291 307
291 341
318 267
330 307
330 340
80 -305
179 -329
-192 -138
388 -209
80 -272
307 214
281 214
247 227
198 244
331 214
362 226
397 232
291 267
291 307
291 341
318 267
330 307
330 340
80 -305
179 -329
-192 -138
388 -209
80 -272
307 214
281 214
247 227
198 244
331 214
362 226
397 232
291 267
291 307
291 341
318 267
330 307
330 340
80 -272
179 -272
-192 -272
388 -272
80 -272
307 214
281 214
247 233
198 242
331 214
362 226
397 232
291 267
291 307
291 341
318 267
330 307
330 340
80 -272
179 -272
-192 -272
388 -272
80 -158
307 214
281 214
247 233
198 242
331 214
362 226
397 239
291 267
291 307
291 341
318 267
330 307
330 340
80 -187
179 -208
-192 -41
388 -103
80 -280
307 222
281 222
247 234
198 243
331 208
362 220
397 233
291 269
291 309
291 343
318 269
330 309
330 342
80 -309
179 -330
-192 -163
388 -225
80 -280
307 222
281 222
247 234
198 243
331 208
362 225
397 232
291 274
291 307
291 341
318 269
330 309
330 342
80 -309
179 -330
-192 -163
388 -225
80 -280
307 222
281 222
247 234
198 243
331 222
362 233
397 240
291 275
291 308
291 342
318 275
330 308
330 341
80 -280
179 -280
-192 -280
388 -280
80 -280
307 222
281 222
247 234
198 243
331 222
362 233
397 240
291 275
291 308
291 342
318 275
330 308
330 341
80 -280
179 -280
-192 -280
388 -280
80 -150
307 222
281 222
247 234
198 243
355 222
376 233
411 240
291 275
291 308
291 342
318 275
330 308
330 341
80 -183
179 -207
-192 -183
388 -207
80 -150
307 222
281 222
247 234
198 243
355 222
376 233
411 240
291 275
291 308
291 342
318 275
330 308
330 341
80 -183
179 -207
-192 -16
388 -87
80 -150
307 222
281 230
247 242
198 242
331 222
362 233
397 246
291 275
291 308
291 342
318 275
330 308
330 341
80 -183
179 -207
-192 -16
388 -87
80 -272
307 230
281 230
247 242
198 242
331 216
362 233
397 240
291 277
291 310
291 344
318 277
330 310
330 343
80 -272
179 -272
-192 -272
388 -272
80 -272
307 230
281 230
247 242
198 251
355 230
376 241
411 248
291 277
291 310
291 344
318 277
330 310
330 343
80 -272
179 -272
-192 -272
388 -272
307 -142
307 230
281 230
247 242
198 251
355 230
376 241
411 248
291 277
291 310
291 344
318 277
330 310
330 343
250 -175
307 -199
-22 -175
516 -199
80 -142
307 230
281 230
247 242
198 251
355 230
376 241
411 248
291 277
291 310
291 344
318 277
330 310
330 343
80 -175
179 -199
-192 -8
388 -79
80 -142
307 230
281 230
247 242
198 251
331 230
362 241
397 248
291 277
291 317
291 344
318 277
330 310
330 343
80 -142
179 -142
-192 -142
388 -142
80 -142
307 230
281 237
247 250
198 250
331 230
362 247
397 253
291 282
291 316
291 343
318 282
330 309
330 342
80 -142
179 -142
-192 -142
388 -142
80 -249
307 237
281 237
247 250
198 250
355 237
376 249
411 255
291 284
291 318
291 345
318 284
330 311
330 344
80 -249
179 -249
-192 -249
388 -249
80 -135
307 237
281 237
247 250
198 258
331 237
362 249
397 255
291 284
291 318
291 345
318 284
330 311
330 344
80 -164
179 -185
-192 -18
388 -80
80 -135
307 237
281 237
247 250
198 258
331 237
362 249
397 255
291 284
291 318
291 345
318 284
330 311
330 344
80 -164
179 -185
-192 -18
388 -80
80 -135
307 237
281 237
247 250
198 258
331 237
362 249
397 255
291 284
291 318
291 345
318 284
330 311
330 344
80 -135
179 -135
-192 -135
388 -135
293 -135
293 237
281 245
247 257
198 266
341 237
372 249
407 255
287 284
287 318
287 345
314 284
326 311
326 344
293 -135
392 -135
21 -135
601 -135
293 -257
293 245
281 245
247 257
198 266
341 231
372 243
407 249
287 285
287 319
287 346
314 285
326 312
326 345
293 -257
392 -257
21 -257
601 -257
293 -127
293 245
281 245
247 257
198 266
341 245
372 256
407 263
287 290
287 317
287 344
314 285
326 312
326 345
293 -160
392 -184
21 7
601 -64
293 -127
293 245
281 245
247 257
198 266
341 245
372 256
407 263
287 290
287 317
287 344
314 285
326 312
326 345
293 -160
392 -184
21 7
601 -64
80 -127
307 245
281 245
247 257
198 266
331 245
362 256
397 263
291 290
291 317
291 344
318 285
330 319
330 345
80 -127
179 -127
-192 -127
388 -127
80 -127
307 245
281 245
247 257
198 274
331 245
362 256
397 263
291 290
291 317
291 344
318 285
330 319
330 345
80 -127
179 -127
-192 -127
388 -127
80 -127
307 245
281 245
247 257
198 274
331 245
362 256
397 263
291 285
291 319
291 346
318 285
330 319
330 345
80 -127
179 -127
-192 -127
388 -127
80 -127
307 245
281 245
247 257
198 274
331 245
362 256
397 263
291 290
291 317
291 344
318 285
330 312
330 345
80 -127
179 -127
-192 -127
388 -127
80 -127
307 245
281 245
247 257
198 274
331 245
362 256
397 263
291 285
291 319
291 346
318 285
330 312
330 345
80 -127
179 -184
-192 -127
388 -64
80 -127
307 245
281 245
247 257
198 274
331 245
362 256
397 263
291 285
291 319
291 346
318 285
330 312
330 345
80 -160
179 -184
-192 7
388 -64
80 -257
307 245
281 245
247 257
198 266
331 231
362 243
397 256
291 285
291 319
291 346
318 285
330 312
330 345
80 -257
179 -257
-192 -257
388 -257
80 -135
307 237
281 245
247 257
198 266
331 237
362 249
397 262
291 284
291 318
291 345
318 284
330 311
330 344
80 -135
179 -135
-192 -135
388 -135
293 -135
293 237
281 237
247 256
198 265
341 237
372 249
407 255
287 284
287 318
287 345
314 284
326 311
326 344
293 -164
392 -185
21 -18
601 -80
80 -249
307 237
281 237
247 250
198 267
331 237
362 249
397 255
291 284
291 318
291 345
318 284
330 311
330 344
80 -249
179 -249
-192 -249
388 -249
293 -142
293 230
281 237
247 250
198 258
341 230
372 241
407 254
287 277
287 317
287 344
314 277
326 310
326 343
293 -175
392 -199
21 -8
601 -79
293 -142
293 230
281 230
247 249
198 257
341 230
372 241
407 254
287 277
287 310
287 344
314 277
326 310
326 343
293 -175
392 -199
21 -175
601 -199
293 -272
293 230
281 230
247 242
198 259
341 216
372 233
407 240
287 277
287 310
287 344
314 277
326 310
326 343
293 -305
392 -329
21 -138
601 -209
80 -280
307 222
281 222
247 241
214 250
331 222
362 233
397 246
291 269
291 309
291 343
318 269
330 309
330 342
80 -280
179 -280
-192 -113
388 -280
293 -280
293 222
281 222
258 234
209 253
341 208
372 225
407 238
287 269
287 309
287 343
314 269
326 309
326 342
293 -309
392 -330
21 -163
601 -225
80 -272
307 214
281 214
247 233
214 242
331 214
352 226
399 239
291 267
291 307
291 341
318 267
330 307
330 340
80 -272
179 -272
-192 -272
388 -272
293 -272
293 214
281 214
247 227
198 244
341 214
362 226
409 239
287 267
287 307
287 341
314 267
326 307
326 340
293 -305
392 -329
21 -138
601 -209
293 -295
293 207
281 207
258 226
209 243
341 207
372 224
407 237
287 259
287 306
287 340
314 259
326 306
326 339
293 -295
392 -295
21 -295
601 -295
80 -295
307 207
281 207
258 226
209 243
331 207
362 218
397 231
291 259
291 306
291 340
318 259
330 306
330 339
80 -328
179 -352
-192 -161
388 -232
293 -303
293 199
281 199
258 218
209 245
341 199
362 216
409 229
287 257
287 297
287 338
314 257
326 297
326 336
293 -303
392 -303
21 -303
601 -303
293 -303
293 199
281 199
258 218
209 245
341 199
362 216
397 229
287 257
287 297
287 338
314 257
326 297
326 336
293 -332
392 -353
21 -186
601 -248
293 -181
293 191
281 191
258 216
209 243
341 191
362 214
397 227
287 250
287 296
287 337
314 250
326 296
326 335
293 -210
392 -231
21 -64
601 -126
293 -295
293 191
281 191
258 216
209 243
341 191
362 208
397 227
287 250
287 296
287 337
314 250
326 296
326 335
293 -295
392 -295
21 -295
601 -295
80 -295
307 191
281 191
258 216
209 233
331 191
352 208
387 227
291 250
291 296
291 337
318 250
330 290
330 335
80 -328
179 -352
-192 -161
388 -232
293 -318
293 184
281 184
258 208
225 235
341 184
362 206
397 225
287 248
287 294
287 335
314 248
326 288
326 333
293 -318
392 -318
21 -318
601 -318
293 -318
293 184
281 184
258 208
225 235
341 184
362 206
397 232
287 242
287 289
287 336
314 242
326 289
326 334
293 -318
392 -318
21 -318
601 -318
293 -318
293 184
281 184
258 208
225 235
341 184
362 206
386 225
287 242
287 289
287 336
314 242
326 289
326 334
293 -351
392 -375
21 -184
601 -255
293 -318
293 184
281 184
258 208
225 235
341 184
362 206
386 232
287 242
287 289
287 336
314 242
326 289
326 334
293 -351
392 -375
21 -184
601 -375
293 -326
293 176
281 176
258 207
225 243
341 176
362 204
386 230
287 240
287 287
287 334
314 240
326 287
326 332
293 -326
392 -326
21 -326
601 -326
293 -326
293 176
281 176
258 207
225 243
341 176
362 204
386 230
287 240
287 287
287 334
314 240
326 287
326 332
293 -326
392 -326
21 -326
601 -326
293 -326
293 176
281 176
258 207
225 243
341 176
362 199
386 231
287 235
287 288
287 335
314 240
326 287
326 332
293 -355
392 -376
21 -209
601 -271
293 -326
293 176
281 176
258 207
242 243
341 176
362 199
386 231
287 235
287 288
287 335
314 235
314 288
326 333
293 -355
392 -376
21 -209
601 -271
293 -326
293 176
281 176
270 207
237 243
341 176
362 199
374 231
287 235
287 288
287 335
314 235
314 288
326 333
293 -355
392 -376
21 -209
601 -271
293 -326
293 176
281 176
270 207
237 243
341 176
362 199
374 231
287 235
287 288
287 335
314 235
314 281
326 333
293 -355
392 -376
21 -209
601 -271
293 -326
293 176
281 176
270 207
237 243
341 176
362 204
374 230
287 235
287 288
287 335
314 235
314 281
326 333
293 -355
392 -376
21 -209
601 -376
293 -326
293 176
281 176
270 207
237 252
341 176
351 199
375 231
287 235
287 288
287 335
314 235
314 281
326 333
293 -355
392 -376
21 -209
601 -376
293 -326
293 176
281 176
270 207
237 252
341 176
351 199
375 231
287 235
287 288
287 335
314 235
314 281
326 333
293 -355
392 -376
21 -209
601 -376
293 -326
293 176
281 176
270 207
254 252
341 176
351 204
375 230
287 235
287 281
287 335
314 235
314 281
326 333
293 -355
392 -376
21 -209
601 -376
293 -326
293 176
281 176
270 207
254 252
341 176
351 204
375 230
287 235
287 281
287 335
314 235
314 281
326 333
293 -355
392 -376
21 -355
601 -376
293 -326
293 176
281 176
270 207
254 252
341 176
351 204
375 230
287 235
287 281
287 335
314 235
314 281
326 333
293 -355
392 -376
21 -355
601 -376
293 -326
293 176
281 176
270 207
254 252
341 176
351 204
363 230
287 235
287 281
287 335
314 235
314 281
326 333
293 -355
392 -376
21 -209
601 -376
80 -326
307 176
281 176
270 207
254 252
331 176
341 204
353 230
291 235
291 281
291 335
318 235
318 281
330 333
80 -355
179 -376
-192 -209
388 -376
80 -326
307 176
281 176
270 207
254 252
331 176
341 204
353 237
291 235
291 281
291 335
318 235
318 281
330 333
80 -355
179 -376
-192 -209
388 -376
80 -326
307 176
281 176
270 207
254 252
331 176
341 204
353 230
291 235
291 281
291 329
318 235
318 281
330 333
80 -355
179 -376
-192 -209
388 -376
80 -439
307 176
281 176
270 207
270 252
331 176
341 204
353 237
291 235
291 281
291 329
318 235
318 281
330 327
80 -439
179 -439
-192 -439
388 -439
80 -439
307 176
281 176
270 207
270 252
331 176
341 204
353 237
291 235
291 281
291 335
318 235
318 281
330 327
80 -439
179 -439
-192 -439
388 -439
80 -439
307 176
281 176
270 207
270 252
331 176
341 204
353 237
291 235
291 281
291 335
318 235
330 281
330 327
80 -439
179 -439
-192 -439
388 -439
80 -326
307 176
281 176
270 207
270 252
331 176
341 204
353 237
291 235
291 281
291 335
318 235
318 281
330 327
80 -355
179 -376
-192 -355
388 -376
80 -326
307 176
281 176
270 207
270 252
331 176
341 204
353 237
291 235
291 281
291 335
318 235
318 281
330 327
80 -355
179 -376
-192 -355
388 -376
80 -326
307 176
281 176
270 207
270 252
331 176
341 204
353 237
291 235
291 281
291 335
318 235
318 281
330 327
80 -355
179 -376
-192 -209
388 -376
307 -326
307 176
281 176
270 207
270 252
331 176
341 204
353 237
291 235
291 281
291 335
318 235
318 281
330 327
250 -355
307 -376
-22 -209
516 -376
307 -326
307 176
281 176
270 207
270 252
331 176
341 204
353 237
291 235
291 281
291 335
318 235
318 281
330 327
250 -355
307 -376
-22 -209
516 -376
307 -326
307 176
281 176
270 207
270 252
331 176
341 204
341 237
291 235
291 281
291 335
318 235
318 281
330 327
250 -355
307 -376
-22 -209
516 -271
307 -326
307 176
281 176
270 207
270 252
331 176
341 204
341 237
291 235
291 281
291 335
318 235
330 281
330 327
250 -355
307 -376
-22 -209
516 -271
307 -326
307 176
281 176
270 207
270 252
331 176
341 204
341 237
291 235
291 281
291 335
318 235
330 281
330 327
250 -355
307 -376
-22 -209
516 -271
307 -326
307 176
281 176
281 207
265 252
331 176
341 204
341 237
291 235
291 281
291 335
318 235
318 281
330 327
250 -355
307 -376
-22 -209
516 -271
307 -326
307 176
281 176
281 207
265 252
331 176
341 204
341 237
291 235
291 281
291 335
318 235
318 281
330 327
250 -355
307 -376
-22 -209
516 -271
307 -326
307 176
281 176
270 207
270 252
331 176
341 204
341 237
291 235
291 281
291 335
318 235
318 281
330 327
250 -355
307 -376
-22 -209
516 -271
307 -326
307 176
281 176
270 207
270 252
331 176
341 204
341 237
291 235
291 281
291 335
318 235
318 281
330 327
250 -355
307 -376
-22 -209
516 -271
307 -326
307 176
281 176
270 207
270 252
331 176
341 204
341 237
291 235
291 281
291 335
318 235
318 281
330 327
250 -355
307 -376
-22 -209
516 -376
307 -326
307 176
281 176
270 207
270 252
331 176
341 204
353 237
291 235
291 281
291 335
318 235
318 281
330 327
250 -355
307 -376
-22 -209
516 -376
307 -326
307 176
281 176
270 207
270 252
331 176
341 204
341 237
291 235
291 288
291 335
318 235
318 281
330 327
250 -355
307 -376
-22 -209
516 -376
80 -326
307 176
281 176
270 207
270 252
331 176
341 204
341 237
291 235
291 288
291 335
318 235
318 281
330 327
80 -355
179 -376
-192 -209
388 -376
80 -326
307 176
281 176
270 207
270 252
331 176
341 204
341 237
291 235
291 288
291 335
318 235
318 281
330 327
80 -355
179 -376
-192 -209
388 -376
80 -326
307 176
281 176
270 207
270 252
331 176
341 204
341 237
291 235
291 281
291 335
318 235
318 281
330 327
80 -355
179 -376
-192 -209
388 -271
80 -326
307 176
281 176
270 207
270 252
331 176
341 204
341 237
291 235
291 281
291 335
318 235
318 281
330 327
80 -355
179 -376
-192 -209
388 -271
80 -326
307 176
281 176
270 207
270 252
331 176
341 204
341 237
291 235
291 281
291 335
318 235
318 281
330 327
80 -355
179 -376
-192 -209
388 -271
80 -326
307 176
281 176
270 207
270 252
331 176
341 204
341 237
291 235
291 281
291 335
318 235
318 281
330 327
80 -355
179 -376
-192 -209
388 -271
80 -326
307 176
281 176
270 207
270 252
331 176
341 204
341 237
291 235
291 281
291 329
318 235
318 281
330 327
80 -355
179 -376
-192 -209
388 -271
80 -326
307 176
281 176
270 207
270 252
331 176
341 204
341 237
291 235
291 281
291 335
318 235
318 281
330 327
80 -355
179 -376
-192 -209
388 -271
80 -326
307 176
281 176
270 207
270 252
331 176
341 204
341 237
291 235
291 281
291 335
318 235
318 281
330 327
80 -355
179 -376
-192 -209
388 -271
80 -326
307 176
281 176
270 207
270 252
331 176
341 204
341 237
291 235
291 281
291 335
318 235
318 281
330 327
80 -355
179 -376
-192 -209
388 -271
293 -326
293 176
281 176
270 207
270 252
341 176
351 204
351 237
287 235
287 281
287 335
314 235
314 281
326 327
293 -355
392 -376
21 -209
601 -271
80 -326
307 176
281 176
270 207
270 252
331 176
341 204
341 237
291 235
291 281
291 335
318 235
318 281
330 327
80 -355
179 -376
-192 -209
388 -271
293 -326
293 176
281 176
270 207
270 252
341 176
351 204
351 237
287 235
287 281
287 335
314 235
314 281
326 327
293 -355
392 -376
21 -209
601 -271
293 -326
293 176
281 176
270 207
270 252
341 176
351 204
351 237
287 235
287 281
287 335
314 235
314 281
326 327
293 -355
392 -376
21 -209
601 -271
293 -326
293 176
281 176
270 207
270 252
341 176
351 204
351 237
287 235
287 281
287 335
314 235
314 281
326 327
293 -355
392 -376
21 -209
601 -271
293 -326
293 176
281 176
270 207
270 252
341 176
351 204
351 237
287 235
287 281
287 335
314 235
314 281
326 327
293 -355
392 -376
21 -209
601 -271
293 -326
293 176
281 176
270 207
270 252
341 176
351 204
351 237
287 235
287 281
287 329
314 235
314 281
326 327
293 -355
392 -376
21 -209
601 -271
293 -326
293 176
281 176
270 207
270 252
341 176
351 204
351 237
287 235
287 281
287 329
314 235
314 281
326 327
293 -355
392 -376
21 -209
601 -271
293 -326
293 176
281 176
270 207
270 252
341 176
351 204
351 237
287 235
287 281
287 329
314 235
314 281
326 327
293 -355
392 -376
21 -209
601 -271
293 -326
293 176
281 176
270 207
270 252
341 176
351 204
351 237
287 235
287 281
287 329
314 235
314 281
326 327
293 -355
392 -376
21 -209
601 -271
293 -326
293 176
281 176
270 207
270 252
341 176
351 204
351 237
287 235
287 281
287 329
314 235
314 281
326 327
293 -355
392 -376
21 -209
601 -271
293 -326
293 176
281 176
270 207
270 252
341 176
351 204
351 237
287 235
287 281
287 329
314 235
314 281
326 327
293 -355
392 -376
21 -209
601 -271
293 -326
293 176
281 176
270 207
270 252
341 176
351 204
351 237
287 235
287 281
287 329
314 235
314 281
326 327
293 -355
392 -376
21 -209
601 -271
293 -326
293 176
281 176
270 207
270 252
341 176
351 204
351 237
287 235
287 281
287 329
314 235
314 281
326 327
293 -355
392 -376
21 -209
601 -271
293 -326
293 176
281 176
270 207
270 252
341 176
351 204
351 237
287 235
287 281
287 329
314 235
314 281
326 327
293 -355
392 -376
21 -209
601 -271
293 -326
293 176
281 176
270 207
270 252
341 176
351 204
351 237
287 235
287 281
287 329
314 235
314 281
326 327
293 -355
392 -376
21 -209
601 -271
293 -326
293 176
281 176
270 207
270 252
341 176
351 204
351 237
287 235
287 281
287 329
314 235
314 281
326 327
293 -355
392 -376
21 -209
601 -271
293 -326
293 176
281 176
270 207
270 252
341 176
351 204
351 237
287 235
287 281
287 329
314 235
314 281
326 327
293 -355
392 -376
21 -209
601 -271
293 -326
293 176
281 176
270 207
270 252
341 176
351 204
351 237
287 235
287 281
287 329
314 235
314 281
326 327
293 -355
392 -376
21 -209
601 -271
293 -326
293 176
281 176
270 207
270 252
341 176
351 204
351 237
287 235
287 281
287 329
314 235
314 281
326 327
293 -355
392 -376
21 -209
601 -271
293 -326
293 176
281 176
270 207
270 252
341 176
351 204
351 237
287 235
287 281
287 329
314 235
314 281
326 327
293 -355
392 -376
21 -209
601 -271
293 -326
293 176
281 176
270 207
270 252
341 176
351 204
351 237
287 235
287 281
287 329
314 235
314 281
326 327
293 -355
392 -376
21 -209
601 -271
293 -326
293 176
281 176
270 207
270 252
341 176
351 204
351 237
287 235
287 281
287 329
314 235
314 281
326 327
293 -355
392 -376
21 -209
601 -271
293 -326
293 176
281 176
270 207
270 252
341 176
351 204
351 237
287 235
287 281
287 329
314 235
314 281
326 327
293 -355
392 -376
21 -209
601 -271
293 -326
293 176
281 176
270 207
270 252
341 176
351 204
351 237
287 235
287 281
287 329
314 235
314 281
326 327
293 -355
392 -376
21 -209
392 -271
293 -326
293 176
281 176
270 207
270 252
341 176
351 204
351 237
287 235
287 281
287 329
314 235
314 281
326 327
293 -355
392 -376
21 -209
392 -271
293 -326
293 176
281 176
270 207
270 252
341 176
351 204
351 237
287 235
287 281
287 329
314 235
314 281
326 327
293 -355
392 -376
21 -209
392 -271
293 -326
293 176
281 176
270 207
270 252
341 176
351 204
351 237
287 235
287 281
287 335
314 235
314 281
326 327
293 -355
392 -376
21 -209
392 -271
293 -326
293 176
281 176
270 207
270 252
341 176
351 204
351 237
287 235
287 281
287 329
314 235
314 281
326 327
293 -355
392 -376
21 -209
392 -271
293 -326
293 176
281 176
270 207
270 252
341 176
351 204
351 237
287 235
287 281
287 329
314 235
314 281
326 327
293 -355
392 -376
21 -209
392 -271
293 -326
293 176
281 176
270 207
270 252
341 176
351 204
351 237
287 235
287 281
287 335
314 235
314 281
326 327
293 -355
392 -376
21 -209
392 -271
293 -326
293 176
281 176
270 207
270 252
341 176
351 204
351 237
287 235
287 281
287 335
314 235
314 281
326 327
293 -355
392 -376
21 -209
392 -271
293 -326
293 176
281 176
270 207
270 252
341 176
351 204
351 237
287 235
287 281
287 329
314 235
314 281
326 327
293 -355
392 -376
21 -209
392 -271
293 -326
293 176
281 176
270 207
270 252
341 176
351 204
351 237
287 235
287 281
287 335
314 235
314 281
326 327
293 -355
392 -376
21 -209
392 -271
293 -326
293 176
281 176
270 207
270 252
341 176
351 204
351 237
287 235
287 281
287 329
314 235
314 281
326 327
293 -355
392 -376
21 -209
392 -271
293 -326
293 176
281 176
270 207
270 252
341 176
351 204
351 237
287 235
287 288
287 335
314 235
314 281
326 327
293 -355
392 -376
21 -209
392 -271
293 -326
293 176
281 176
270 207
270 252
341 176
351 204
351 237
287 235
287 281
287 335
314 235
314 281
326 327
293 -355
392 -376
21 -209
392 -271
293 -326
293 176
281 176
270 207
270 252
341 176
351 204
351 237
287 235
287 288
287 335
314 235
314 281
326 327
293 -355
392 -376
21 -209
392 -271
293 -326
293 176
281 176
270 207
270 252
341 176
351 204
351 237
287 235
287 281
287 335
314 235
314 281
326 327
293 -355
392 -376
21 -209
392 -271
293 -326
293 176
281 176
270 207
270 252
341 176
351 204
351 237
287 235
287 281
287 335
314 235
314 281
326 327
293 -355
392 -376
21 -209
392 -271
293 -326
293 176
281 176
270 207
270 252
341 176
351 204
351 237
287 235
287 281
287 335
314 235
314 281
326 327
293 -355
392 -376
21 -209
601 -271
293 -326
293 176
281 176
270 207
270 252
341 176
351 204
351 237
287 235
287 281
287 335
314 235
314 281
326 327
293 -355
392 -376
21 -209
601 -271
293 -326
293 176
281 176
270 207
270 252
341 176
351 204
351 237
287 235
287 288
287 335
314 235
314 281
326 327
293 -355
392 -376
21 -209
601 -271
293 -326
293 176
281 176
270 207
270 252
341 176
351 204
351 237
287 235
287 288
287 335
314 235
314 281
326 327
293 -355
392 -376
21 -209
601 -271
